2457791.88602 17.398 0.020 4.51 1523.0
2457792.88880 17.404 0.025 5.67 1704.0
2457793.88024 17.372 0.014 4.52 593.0
2457794.88721 17.373 0.019 5.76 918.0
2457795.89125 17.377 0.019 4.90 1286.0
2457797.89084 17.392 0.018 4.64 1204.0
2457799.88529 17.374 0.017 5.32 720.0
2457801.87742 17.402 0.017 5.24 707.0
2457803.85794 17.411 0.017 4.57 1036.0
2457807.84428 17.361 0.013 5.12 416.0
2457808.89504 17.371 0.015 4.88 608.0
2457809.90325 17.381 0.018 4.74 1032.0
2457811.82578 17.406 0.015 5.72 467.0
2457812.85736 17.378 0.013 4.92 453.0
2457814.82621 17.385 0.014 5.48 458.0
2457815.85312 17.377 0.014 5.77 442.0
2457816.84490 17.389 0.014 5.25 420.0
2457817.84148 17.374 0.013 4.55 479.0
2457818.82769 17.405 0.012 4.57 441.0
2457819.80756 17.374 0.014 5.63 413.0
2457819.90497 17.390 0.014 4.30 632.0
2457821.81569 17.394 0.017 5.69 567.0
2457822.81109 17.374 0.018 5.89 708.0
2457822.90044 17.380 0.013 4.39 435.0
2457823.88564 17.358 0.013 4.12 529.0
2457824.88174 17.368 0.016 5.22 578.0
2457825.87333 17.374 0.015 5.06 563.0
2457826.83221 17.373 0.017 5.29 677.0
2457827.80775 17.366 0.014 4.93 598.0
2457827.89688 17.356 0.013 4.73 512.0
2457828.86587 17.388 0.014 4.69 524.0
2457829.84787 17.392 0.017 5.27 720.0
2457830.85628 17.382 0.014 4.60 558.0
2457834.85204 17.391 0.015 5.19 505.0
2457835.79451 17.364 0.019 7.76 367.0
2457836.76435 17.376 0.019 7.82 411.0
2457836.88384 17.381 0.016 6.52 349.0
2457837.81747 17.382 0.013 5.22 323.0
2457838.75601 17.387 0.016 6.24 435.0
2457838.87371 17.388 0.012 4.58 389.0
2457839.82173 17.385 0.011 3.82 313.0
2457840.74603 17.395 0.015 6.04 395.0
2457840.86551 17.387 0.014 5.24 338.0
2457841.80533 17.408 0.017 7.37 344.0
2457841.91559 17.355 0.018 6.35 517.0
2457842.83021 17.392 0.014 5.63 345.0
2457843.75469 17.403 0.014 5.54 342.0
2457843.87224 17.403 0.013 5.06 305.0
2457844.78152 17.379 0.011 4.38 319.0
2457844.90049 17.365 0.014 5.86 345.0
2457845.81504 17.380 0.013 5.09 348.0
2457846.74618 17.385 0.015 6.40 350.0
2457846.85302 17.367 0.012 4.76 331.0
2457847.75613 17.380 0.014 5.68 366.0
2457847.87416 17.406 0.014 5.63 341.0
2457848.77004 17.376 0.014 5.67 337.0
2457848.88914 17.366 0.011 4.02 309.0
2457849.78353 17.378 0.011 4.05 359.0
2457849.90191 17.362 0.011 3.88 327.0
2457850.79580 17.405 0.014 4.98 425.0
2457850.91647 17.365 0.014 5.29 432.0
2457851.81351 17.365 0.014 5.14 446.0
2457852.74771 17.357 0.019 7.05 521.0
2457853.87319 17.365 0.017 6.66 458.0
2457853.88521 17.393 0.017 6.56 444.0
2457854.73605 17.394 0.015 4.66 665.0
2457854.78200 17.378 0.013 4.22 587.0
2457854.85519 17.375 0.013 4.19 539.0
2457855.76573 17.385 0.014 4.19 671.0
2457855.88874 17.370 0.012 3.67 594.0
2457856.77438 17.371 0.017 5.82 597.0
2457856.89945 17.342 0.019 6.51 582.0
2457858.82471 17.358 0.014 4.61 561.0
2457862.73553 17.378 0.015 6.17 439.0
2457862.84639 17.385 0.014 5.49 422.0
2457863.79321 17.387 0.015 6.14 393.0
2457864.74996 17.387 0.011 4.15 341.0
2457864.90230 17.364 0.012 4.22 403.0
2457865.75260 17.381 0.013 5.02 372.0
2457866.74935 17.391 0.012 4.13 371.0
2457866.88202 17.361 0.011 3.40 398.0
2457867.75283 17.366 0.010 3.45 330.0
2457867.88416 17.408 0.012 4.45 351.0
2457868.81860 17.362 0.017 6.59 398.0
2457869.69868 17.364 0.013 5.38 364.0
2457869.81758 17.399 0.011 4.07 341.0
2457870.70469 17.377 0.012 4.39 348.0
2457870.83998 17.391 0.012 4.53 344.0
2457871.72576 17.399 0.012 4.15 395.0
2457871.85962 17.361 0.011 3.92 366.0
2457872.72561 17.370 0.011 3.81 386.0
2457872.87135 17.385 0.011 3.74 391.0
2457873.70529 17.379 0.012 4.31 402.0
2457873.81403 17.378 0.011 3.46 362.0
2457874.66526 17.371 0.015 6.16 441.0
2457874.79225 17.380 0.015 5.68 406.0
2457874.90563 17.391 0.015 5.61 467.0
2457875.87817 17.390 0.013 4.54 558.0
2457876.67652 17.385 0.016 5.91 528.0
2457876.79936 17.388 0.012 3.93 408.0
2457876.93427 17.384 0.015 4.50 718.0
2457877.75729 17.384 0.011 3.40 386.0
2457877.88568 17.364 0.013 4.28 505.0
2457878.79720 17.373 0.011 3.49 410.0
2457878.91998 17.377 0.012 3.62 504.0
2457879.74437 17.396 0.018 6.28 496.0
2457880.66566 17.369 0.018 6.94 528.0
2457880.77333 17.343 0.016 5.68 503.0
2457880.91566 17.380 0.018 6.43 511.0
2457881.85401 17.375 0.015 4.99 575.0
2457882.73028 17.401 0.015 5.18 543.0
2457882.86144 17.370 0.016 5.02 653.0
2457889.89290 17.404 0.023 6.07 1026.0
2457890.75550 17.388 0.017 5.86 577.0
2457890.91274 17.422 0.026 7.54 732.0
2457893.72250 17.368 0.015 5.65 425.0
2457893.85243 17.402 0.013 4.45 425.0
2457894.60372 17.360 0.018 7.26 507.0
2457894.71542 17.382 0.012 4.38 380.0
2457894.83466 17.404 0.013 4.46 413.0
2457894.94259 17.385 0.024 5.67 1353.0
2457897.63924 17.345 0.016 7.10 464.0
2457897.75407 17.379 0.013 5.55 456.0
2457900.93391 17.385 0.020 7.43 480.0
2457901.68616 17.381 0.014 5.66 395.0
2457901.83990 17.359 0.015 5.41 442.0
2457902.67481 17.383 0.012 4.40 369.0
2457902.80622 17.382 0.014 5.13 432.0
2457903.69376 17.374 0.018 7.48 351.0
2457903.85236 17.402 0.014 5.10 430.0
2457904.59326 17.383 0.018 7.41 445.0
2457904.70922 17.375 0.011 4.04 320.0
2457904.83220 17.394 0.012 4.42 370.0
2457904.94280 17.406 0.024 6.75 850.0
2457905.66917 17.375 0.011 3.93 359.0
2457905.79889 17.354 0.013 4.52 413.0
2457905.92566 17.372 0.015 5.34 535.0
2457906.61697 17.384 0.013 4.41 432.0
2457906.74582 17.391 0.011 3.56 402.0
2457906.85844 17.349 0.013 4.22 512.0
2457907.60807 17.403 0.015 5.35 675.0
2457907.73256 17.394 0.012 4.28 537.0
2457908.57838 17.406 0.020 6.42 687.0
2457908.68110 17.379 0.013 4.16 486.0
2457908.81142 17.406 0.014 4.83 439.0
2457908.92036 17.390 0.019 6.16 645.0
2457909.61126 17.391 0.016 4.86 632.0
2457909.73271 17.402 0.013 4.14 526.0
2457909.84139 17.377 0.012 3.66 492.0
2457909.93407 17.371 0.017 5.10 787.0
2457910.62856 17.393 0.015 4.88 560.0
2457910.76079 17.384 0.014 4.50 521.0
2457910.87812 17.388 0.014 4.35 663.0
2457911.59603 17.351 0.019 6.33 768.0
2457911.70394 17.378 0.017 5.79 589.0
2457916.55502 17.378 0.020 6.14 947.0
2457916.65314 17.404 0.020 4.17 1609.0
2457916.75160 17.381 0.015 4.33 689.0
2457917.57692 17.385 0.017 5.97 606.0
2457917.68990 17.368 0.014 4.87 519.0
2457917.80339 17.378 0.014 4.47 602.0
2457917.91073 17.350 0.020 5.70 952.0
2457918.69840 17.384 0.019 5.32 1229.0
2457922.67435 17.380 0.013 4.76 389.0
2457923.55841 17.379 0.017 6.29 519.0
2457923.68149 17.378 0.015 5.83 402.0
2457923.80351 17.387 0.016 5.92 471.0
2457924.58709 17.382 0.013 5.07 403.0
2457924.71314 17.390 0.013 4.03 394.0
2457924.82124 17.394 0.013 4.02 465.0
2457925.61083 17.339 0.016 6.75 396.0
2457925.74637 17.380 0.016 6.25 384.0
2457925.86216 17.384 0.015 5.53 447.0
2457926.63409 17.382 0.013 5.19 361.0
2457926.77803 17.364 0.016 6.27 405.0
2457928.62457 17.394 0.015 5.75 444.0
2457932.66487 17.386 0.018 7.03 411.0
2457932.78804 17.414 0.015 5.84 382.0
2457933.64570 17.395 0.015 6.08 321.0
2457933.77789 17.392 0.016 6.72 345.0
2457934.58010 17.373 0.013 5.14 389.0
2457934.81069 17.397 0.015 5.34 385.0
2457935.55032 17.381 0.013 4.96 416.0
2457935.68164 17.394 0.014 5.28 397.0
2457935.79188 17.389 0.011 3.86 337.0
2457935.87996 17.399 0.013 4.85 405.0
2457936.54287 17.368 0.013 5.07 419.0
2457936.66875 17.379 0.013 5.29 351.0
2457936.79963 17.378 0.013 5.09 322.0
2457937.48463 17.394 0.018 6.46 642.0
2457937.59548 17.358 0.015 5.61 428.0
2457937.71692 17.364 0.015 5.69 386.0
2457937.83694 17.396 0.016 6.02 407.0
2457938.62089 17.391 0.019 7.15 492.0
2457944.49538 17.374 0.017 5.55 792.0
2457944.53606 17.374 0.016 4.83 784.0
2457944.58754 17.366 0.015 4.56 713.0
2457944.62803 17.374 0.016 5.00 683.0
2457944.69816 17.397 0.015 4.53 642.0
2457944.74673 17.402 0.016 4.67 685.0
2457944.79862 17.413 0.018 4.94 789.0
2457944.83161 17.398 0.022 6.28 1113.0
2457945.51690 17.376 0.018 6.35 711.0
2457945.62669 17.394 0.013 4.24 482.0
2457945.73897 17.389 0.013 4.01 513.0
2457945.84670 17.391 0.020 5.98 798.0
2457946.57054 17.377 0.015 5.00 502.0
2457946.69986 17.376 0.014 4.97 442.0
2457946.81218 17.370 0.014 4.92 493.0
2457947.55351 17.392 0.015 6.13 400.0
2457947.81555 17.375 0.019 7.04 527.0
2457948.56520 17.410 0.013 5.42 347.0
2457948.68979 17.385 0.015 4.79 570.0
2457948.82211 17.412 0.018 5.96 576.0
2457949.61218 17.403 0.018 6.10 613.0
2457949.73940 17.354 0.018 5.57 833.0
2457952.76758 17.401 0.016 6.45 346.0
2457953.52429 17.375 0.013 4.94 387.0
2457953.66671 17.406 0.014 5.54 330.0
2457953.78344 17.386 0.014 5.71 383.0
2457954.54147 17.365 0.012 4.60 452.0
2457954.68742 17.397 0.011 4.41 324.0
2457955.74205 17.383 0.012 4.59 357.0
2457956.53019 17.374 0.013 4.48 451.0
2457956.67148 17.368 0.012 4.23 327.0
2457956.78623 17.374 0.014 5.80 412.0
2457957.71121 17.386 0.016 6.46 382.0
2457958.61852 17.367 0.015 6.17 371.0
2457958.71933 17.381 0.015 5.86 366.0
2457959.48074 17.359 0.013 5.19 421.0
2457959.58139 17.359 0.012 4.76 352.0
2457959.69931 17.405 0.012 4.61 334.0
2457959.80310 17.389 0.015 6.33 410.0
2457960.56759 17.412 0.012 5.05 316.0
2457960.70535 17.406 0.012 5.14 354.0
2457960.80288 17.389 0.015 6.67 371.0
2457961.63773 17.388 0.012 4.86 370.0
2457962.57797 17.379 0.011 3.94 381.0
2457964.53972 17.370 0.014 4.74 484.0
2457964.64439 17.368 0.014 5.28 414.0
2457965.63194 17.368 0.014 4.64 473.0
2457965.70844 17.375 0.013 4.57 571.0
2457966.58285 17.384 0.016 6.06 398.0
2457966.69755 17.358 0.015 6.24 371.0
2457967.62994 17.381 0.015 5.45 467.0
2457967.70526 17.382 0.020 7.12 497.0
2457971.48625 17.378 0.020 6.00 871.0
2457971.52899 17.389 0.020 4.79 1282.0
2457971.58198 17.369 0.016 4.89 681.0
2457971.61749 17.393 0.017 5.03 723.0
2457971.66584 17.356 0.019 5.58 816.0
2457972.50087 17.395 0.025 7.55 746.0
2457972.59013 17.381 0.018 5.63 662.0
2457972.63365 17.401 0.017 4.98 672.0
2457972.69685 17.361 0.018 5.13 756.0
2457972.73736 17.383 0.021 5.65 895.0
2457973.60259 17.372 0.019 6.18 644.0
2457973.74121 17.406 0.024 6.68 891.0
2457974.58146 17.367 0.014 4.87 488.0
2457974.69727 17.408 0.017 5.28 574.0
2457975.64397 17.393 0.020 7.34 453.0
2457979.57744 17.397 0.013 4.87 430.0
2457980.49386 17.386 0.018 6.63 493.0
2457980.62729 17.400 0.017 6.09 472.0
2457981.56003 17.372 0.014 4.88 474.0
2457981.67970 17.381 0.015 5.05 484.0
2457982.58935 17.376 0.014 4.88 389.0
2457983.51634 17.371 0.017 6.08 397.0
2457983.62703 17.387 0.013 4.45 388.0
2457984.54148 17.389 0.021 8.24 395.0
2457984.65416 17.388 0.015 5.59 389.0
2457985.59023 17.400 0.017 6.54 412.0
2457986.56476 17.390 0.011 3.93 352.0
2457987.47841 17.370 0.014 4.62 558.0
2457987.61707 17.390 0.012 4.21 417.0
2457990.53676 17.362 0.014 4.95 457.0
2457990.65684 17.431 0.020 7.67 442.0
2457991.58912 17.393 0.016 6.01 395.0
2457992.51353 17.388 0.013 4.55 409.0
2457992.63167 17.376 0.014 5.05 421.0
2457993.56121 17.383 0.013 4.39 439.0
2457994.49335 17.395 0.016 5.68 468.0
2457994.60641 17.422 0.016 5.70 495.0
2457998.49646 17.392 0.015 4.63 650.0
2457998.54760 17.403 0.016 4.97 611.0
2458000.51991 17.409 0.021 7.04 569.0
2458000.56370 17.406 0.017 5.55 592.0
2458000.61999 17.377 0.017 5.46 714.0
2458001.52951 17.373 0.013 4.30 537.0
2458002.49938 17.361 0.024 6.21 1085.0
2458003.48639 17.402 0.022 7.43 541.0
2458004.52214 17.385 0.016 5.82 509.0
2458005.55060 17.359 0.021 7.52 503.0
2458007.60860 17.381 0.017 6.76 427.0
2458010.52271 17.383 0.016 5.64 470.0
2458011.58769 17.399 0.017 6.04 449.0
2458012.58824 17.390 0.013 4.60 518.0
2458014.48314 17.376 0.014 4.34 563.0
2458015.48079 17.398 0.017 5.56 631.0
2458016.49827 17.372 0.016 5.65 488.0
2458017.52367 17.361 0.015 5.51 439.0
2458018.54944 17.367 0.013 5.14 438.0
2458020.49207 17.369 0.016 5.89 449.0
2458021.52353 17.372 0.017 5.53 574.0
2458026.49981 17.346 0.018 4.73 1161.0
2458026.54155 17.375 0.018 4.40 1114.0
2458029.54283 17.358 0.018 5.25 724.0
2458032.54954 17.374 0.019 5.72 722.0
2458035.53360 17.364 0.018 6.19 533.0
2458039.49703 17.361 0.017 6.16 515.0
2458040.54855 17.393 0.018 5.83 647.0
2458046.52533 17.376 0.023 7.29 763.0
2458053.52910 17.348 0.025 5.44 1475.0
2458057.51036 17.391 0.022 6.35 776.0
2458156.87360 17.374 0.014 4.69 678.0
2458161.85386 17.372 0.015 6.13 495.0
2458162.87799 17.377 0.012 4.37 461.0
2458163.89032 17.374 0.016 4.63 989.0
2458164.86587 17.381 0.014 5.65 464.0
2458165.86277 17.396 0.014 4.87 478.0
2458166.84456 17.400 0.017 6.51 457.0
2458166.89458 17.360 0.016 5.26 624.0
2458167.87016 17.348 0.013 5.17 430.0
2458168.85096 17.371 0.013 4.47 413.0
2458168.89060 17.387 0.014 5.18 473.0
2458169.87442 17.374 0.014 4.82 440.0
2458170.84805 17.373 0.012 4.19 444.0
2458170.89648 17.391 0.015 3.87 897.0
2458171.85718 17.371 0.012 4.21 448.0
2458172.82849 17.367 0.015 5.68 477.0
2458172.86762 17.382 0.014 4.76 475.0
2458173.83830 17.386 0.014 5.14 552.0
2458173.87717 17.396 0.013 4.13 499.0
2458174.84921 17.377 0.013 4.57 564.0
2458174.88803 17.388 0.012 3.59 493.0
2458175.84764 17.379 0.012 4.49 427.0
2458175.88689 17.357 0.013 4.64 451.0
2458176.84092 17.387 0.013 4.59 470.0
2458176.88050 17.392 0.013 4.73 453.0
2458181.83346 17.375 0.015 4.64 701.0
2458181.87541 17.352 0.014 4.52 636.0
2458182.86607 17.375 0.014 4.54 574.0
2458183.87124 17.423 0.015 5.22 528.0
2458184.85750 17.372 0.014 4.59 620.0
2458184.89827 17.395 0.016 4.98 624.0
2458185.86576 17.376 0.018 5.62 659.0
2458185.90778 17.427 0.021 5.08 1257.0
2458189.88426 17.387 0.013 4.18 520.0
2458190.86758 17.368 0.010 3.43 346.0
2458191.84474 17.366 0.012 4.80 390.0
2458192.83334 17.363 0.013 5.11 441.0
2458193.82078 17.377 0.015 6.47 353.0
2458194.78190 17.372 0.012 4.72 365.0
2458194.90136 17.391 0.011 3.83 362.0
2458195.87619 17.367 0.012 4.35 371.0
2458196.83352 17.391 0.013 4.55 359.0
2458197.78753 17.383 0.013 5.24 392.0
2458197.90376 17.378 0.011 3.61 379.0
2458198.85061 17.380 0.012 4.42 411.0
2458199.79626 17.388 0.013 5.19 367.0
2458200.78575 17.398 0.013 5.03 440.0
2458200.90277 17.379 0.013 4.85 437.0
2458201.82753 17.381 0.014 5.79 369.0
2458202.76431 17.400 0.013 4.74 488.0
2458202.87990 17.368 0.011 3.77 395.0
2458203.81272 17.379 0.012 4.41 364.0
2458204.73848 17.396 0.020 7.18 624.0
2458204.85142 17.385 0.013 4.77 374.0
2458205.79179 17.393 0.016 6.07 461.0
2458205.92333 17.367 0.021 4.15 1919.0
2458206.83252 17.376 0.012 3.87 456.0
2458207.75251 17.400 0.015 5.16 667.0
2458207.85960 17.377 0.011 3.71 473.0
2458208.77920 17.374 0.015 4.67 751.0
2458208.89568 17.368 0.013 3.84 567.0
2458209.80733 17.383 0.015 4.73 607.0
2458209.91426 17.391 0.015 4.80 596.0
2458210.82025 17.393 0.014 4.56 582.0
2458211.72494 17.323 0.020 6.53 770.0
2458211.83373 17.381 0.015 5.06 589.0
2458212.73531 17.331 0.017 5.32 983.0
2458212.82623 17.381 0.012 3.32 637.0
2458217.77285 17.385 0.015 5.77 403.0
2458217.89529 17.374 0.012 4.35 422.0
2458220.79356 17.381 0.013 5.69 326.0
2458220.92898 17.435 0.019 3.91 1673.0
2458221.82264 17.376 0.012 4.30 325.0
2458222.71850 17.384 0.013 5.28 391.0
2458222.85696 17.392 0.013 4.57 357.0
2458223.82860 17.384 0.013 4.52 359.0
2458224.71242 17.390 0.014 5.52 446.0
2458224.84691 17.376 0.012 4.30 415.0
2458225.84154 17.363 0.018 7.12 385.0
2458226.90361 17.364 0.015 6.21 366.0
2458227.78886 17.372 0.012 4.59 325.0
2458227.91905 17.409 0.012 4.05 410.0
2458228.83218 17.368 0.011 3.94 351.0
2458229.72835 17.366 0.011 4.13 341.0
2458229.86216 17.366 0.011 4.59 328.0
2458230.73075 17.392 0.013 5.24 379.0
2458230.86718 17.372 0.012 4.52 357.0
2458232.85576 17.383 0.012 4.05 372.0
2458233.76429 17.393 0.011 3.64 404.0
2458236.68332 17.352 0.015 4.90 697.0
2458236.82538 17.386 0.013 4.07 563.0
2458238.79115 17.368 0.014 4.13 708.0
2458244.65565 17.401 0.016 5.87 530.0
2458244.76528 17.364 0.013 4.66 474.0
2458244.90565 17.366 0.020 4.55 1503.0
2458245.82038 17.362 0.020 7.00 567.0
2458246.67883 17.387 0.018 6.98 465.0
2458246.79099 17.375 0.014 5.02 487.0
2458246.91357 17.405 0.018 5.89 644.0
2458247.71043 17.371 0.013 4.85 419.0
2458247.83235 17.376 0.013 4.43 498.0
2458248.71230 17.381 0.014 5.54 395.0
2458249.67814 17.367 0.018 7.44 429.0
2458249.78688 17.378 0.012 4.81 368.0
2458249.91810 17.396 0.014 4.38 555.0
2458250.73207 17.373 0.011 4.01 342.0
2458250.86209 17.385 0.012 4.26 386.0
2458251.65663 17.376 0.014 5.53 404.0
2458251.78092 17.394 0.014 6.17 562.0
2458251.90134 17.380 0.011 4.17 436.0
2458252.92669 17.393 0.015 5.31 514.0
2458253.71384 17.381 0.013 5.13 370.0
2458253.85456 17.363 0.012 4.36 408.0
2458254.71974 17.368 0.011 3.68 374.0
2458254.86953 17.388 0.011 3.51 434.0
2458255.67280 17.375 0.014 5.12 403.0
2458255.82877 17.404 0.012 4.06 426.0
2458255.93654 17.355 0.018 5.37 777.0
2458256.71542 17.379 0.016 6.60 359.0
2458256.83946 17.348 0.013 4.74 459.0
2458257.66481 17.355 0.013 5.05 433.0
2458257.77821 17.382 0.013 5.43 341.0
2458257.89766 17.372 0.013 4.54 487.0
2458258.75847 17.390 0.012 4.85 343.0
2458258.89721 17.384 0.011 3.48 400.0
2458259.72271 17.396 0.012 4.25 458.0
2458259.85262 17.393 0.013 4.60 485.0
2458260.63732 17.398 0.012 4.19 499.0
2458261.63853 17.353 0.013 4.71 464.0
2458261.76559 17.373 0.012 4.44 351.0
2458261.91951 17.401 0.013 4.34 500.0
2458262.62599 17.388 0.013 4.86 432.0
2458262.74280 17.366 0.011 4.21 354.0
2458262.87952 17.385 0.011 3.70 368.0
2458263.66629 17.386 0.012 4.30 466.0
2458263.79966 17.385 0.011 3.76 388.0
2458264.68263 17.394 0.015 4.23 1045.0
2458264.80260 17.364 0.012 3.69 542.0
2458264.92590 17.369 0.015 5.45 586.0
2458265.69771 17.393 0.014 4.44 584.0
2458265.82712 17.398 0.013 3.89 588.0
2458266.70082 17.408 0.019 6.20 667.0
2458266.92477 17.398 0.019 5.82 872.0
2458271.68805 17.379 0.018 5.66 699.0
2458271.83476 17.370 0.017 5.21 751.0
2458272.67966 17.376 0.013 4.50 490.0
2458272.80497 17.393 0.013 3.84 504.0
2458272.92075 17.385 0.015 4.67 607.0
2458273.65493 17.379 0.012 4.35 429.0
2458273.79598 17.395 0.012 4.48 412.0
2458273.88646 17.390 0.013 4.61 483.0
2458274.63622 17.375 0.015 6.17 361.0
2458274.76082 17.345 0.016 6.61 445.0
2458274.88030 17.392 0.019 6.40 624.0
2458275.64056 17.409 0.013 5.05 377.0
2458275.77453 17.376 0.012 3.99 450.0
2458275.89260 17.383 0.016 5.20 601.0
2458276.63680 17.345 0.013 5.30 365.0
2458276.76325 17.382 0.013 5.41 395.0
2458276.87786 17.395 0.015 5.24 540.0
2458277.69826 17.379 0.011 4.23 319.0
2458277.81672 17.365 0.012 4.07 392.0
2458277.92863 17.381 0.014 4.89 571.0
2458278.62959 17.372 0.013 4.97 400.0
2458282.53662 17.385 0.016 6.09 448.0
2458282.64818 17.351 0.011 4.50 315.0
2458282.79876 17.386 0.012 4.73 356.0
2458282.91081 17.376 0.013 4.27 491.0
2458283.61123 17.367 0.013 5.26 341.0
2458283.74481 17.377 0.013 5.39 355.0
2458283.85797 17.375 0.015 5.52 453.0
2458284.58068 17.374 0.012 4.58 388.0
2458284.71167 17.387 0.012 4.64 353.0
2458284.82642 17.380 0.012 4.31 363.0
2458285.72953 17.378 0.013 5.11 359.0
2458286.54820 17.380 0.013 5.39 362.0
2458286.66975 17.389 0.012 5.55 297.0
2458286.82363 17.396 0.012 4.46 339.0
2458287.52989 17.370 0.014 5.85 435.0
2458287.66298 17.386 0.011 4.20 298.0
2458287.80175 17.376 0.012 4.82 302.0
2458287.90906 17.387 0.012 4.16 436.0
2458288.62890 17.371 0.012 4.78 315.0
2458288.77521 17.367 0.012 4.34 323.0
2458288.89927 17.370 0.023 7.82 601.0
2458289.61991 17.389 0.012 4.30 391.0
2458289.77061 17.387 0.012 4.70 375.0
2458289.89006 17.358 0.014 4.87 505.0
2458290.61908 17.396 0.013 4.71 400.0
2458290.77701 17.377 0.013 4.88 377.0
2458290.88771 17.380 0.015 5.19 571.0
2458291.67836 17.379 0.013 4.65 481.0
2458291.81304 17.366 0.012 4.21 450.0
2458292.55603 17.395 0.014 4.75 519.0
2458292.66835 17.403 0.021 5.90 978.0
2458292.82005 17.396 0.013 4.19 425.0
2458293.55377 17.380 0.021 7.12 596.0
2458293.69335 17.373 0.014 5.04 521.0
2458294.57942 17.416 0.025 7.65 794.0
2458294.71714 17.384 0.022 7.72 701.0
2458299.50170 17.400 0.023 5.51 1787.0
2458299.67041 17.433 0.024 5.68 1386.0
2458301.66920 17.391 0.019 6.79 515.0
2458301.79640 17.374 0.018 6.43 587.0
2458302.70025 17.413 0.021 7.41 651.0
2458304.58318 17.381 0.016 6.54 414.0
2458304.70250 17.392 0.018 6.43 524.0
2458305.55576 17.361 0.019 7.48 437.0
2458305.72676 17.390 0.014 5.32 380.0
2458306.58968 17.394 0.017 6.83 390.0
2458306.73181 17.389 0.015 5.97 409.0
2458306.82461 17.397 0.017 6.31 480.0
2458307.54878 17.385 0.013 4.65 482.0
2458307.68388 17.378 0.011 4.20 329.0
2458307.80335 17.403 0.015 5.41 440.0
2458308.51697 17.405 0.014 5.68 355.0
2458308.63687 17.361 0.011 4.46 301.0
2458308.75881 17.371 0.014 5.28 418.0
2458309.48662 17.384 0.014 5.49 422.0
2458309.61321 17.388 0.012 5.08 325.0
2458309.73673 17.382 0.011 3.91 369.0
2458309.84202 17.385 0.016 5.71 483.0
2458310.55879 17.371 0.014 6.07 373.0
2458310.64160 17.403 0.011 4.59 375.0
2458310.72606 17.395 0.013 5.24 383.0
2458311.47080 17.379 0.020 6.95 547.0
2458311.58224 17.398 0.013 5.72 330.0
2458311.71491 17.375 0.012 4.38 359.0
2458311.82283 17.393 0.013 4.55 491.0
2458312.55026 17.369 0.013 5.24 381.0
2458312.68051 17.401 0.011 4.17 326.0
2458312.81550 17.366 0.012 4.51 390.0
2458313.55143 17.403 0.011 4.62 336.0
2458313.67404 17.387 0.011 3.58 350.0
2458313.78323 17.380 0.013 4.10 486.0
2458314.51861 17.346 0.013 5.32 387.0
2458314.63961 17.377 0.013 5.12 378.0
2458314.75876 17.368 0.012 4.41 386.0
2458316.51732 17.391 0.015 5.65 427.0
2458316.63236 17.364 0.015 5.97 387.0
2458316.76582 17.421 0.019 7.20 448.0
2458320.56709 17.377 0.013 5.28 417.0
2458320.69980 17.376 0.012 4.40 381.0
2458321.49181 17.400 0.016 4.77 663.0
2458321.78345 17.374 0.024 7.01 1005.0
2458328.56712 17.392 0.015 5.22 571.0
2458328.68134 17.412 0.021 6.89 756.0
2458329.47106 17.379 0.015 4.95 586.0
2458329.58918 17.378 0.020 6.88 548.0
2458329.70045 17.388 0.013 3.92 608.0
2458330.50814 17.374 0.013 5.09 502.0
2458331.48710 17.428 0.014 5.02 395.0
2458331.61870 17.389 0.013 4.84 398.0
2458332.48821 17.374 0.014 5.32 446.0
2458332.62098 17.414 0.014 5.26 440.0
2458333.47531 17.358 0.015 4.89 547.0
2458333.60103 17.384 0.012 5.68 359.0
2458334.51171 17.386 0.013 4.49 477.0
2458334.64421 17.383 0.012 4.10 402.0
2458335.59902 17.379 0.013 4.82 535.0
2458336.52734 17.392 0.013 4.93 342.0
2458336.66524 17.377 0.011 4.32 308.0
2458338.54024 17.394 0.017 6.76 398.0
2458338.73125 17.389 0.014 5.47 417.0
2458339.57119 17.374 0.011 4.05 312.0
2458340.47387 17.399 0.015 5.23 517.0
2458340.64687 17.392 0.011 4.12 343.0
2458341.54531 17.383 0.012 4.04 367.0
2458341.74067 17.399 0.012 4.14 326.0
2458342.60471 17.407 0.014 5.39 398.0
2458344.47558 17.369 0.016 5.27 573.0
2458344.60441 17.408 0.014 4.78 407.0
2458345.50687 17.398 0.015 5.35 427.0
2458345.63669 17.370 0.012 4.19 333.0
2458346.54321 17.378 0.011 4.40 320.0
2458346.73604 17.374 0.011 4.05 313.0
2458347.58778 17.378 0.012 4.64 319.0
2458348.51508 17.383 0.018 6.31 457.0
2458348.70808 17.405 0.013 4.21 411.0
2458353.56504 17.376 0.016 4.93 619.0
2458355.49310 17.406 0.017 6.29 588.0
2458355.66044 17.399 0.015 4.55 619.0
2458356.55549 17.372 0.013 4.13 586.0
2458357.52333 17.384 0.016 5.84 541.0
2458358.50277 17.420 0.017 5.84 553.0
2458358.66260 17.357 0.016 5.45 567.0
2458359.55233 17.376 0.013 4.83 469.0
2458360.50416 17.374 0.017 6.88 411.0
2458360.62645 17.388 0.021 6.94 581.0
2458363.49464 17.367 0.016 6.01 426.0
2458363.67047 17.378 0.013 5.77 327.0
2458364.58637 17.390 0.012 4.15 420.0
2458366.51584 17.340 0.013 5.22 361.0
2458367.52373 17.380 0.013 4.89 402.0
2458368.47974 17.376 0.014 4.88 562.0
2458368.65905 17.410 0.012 3.96 434.0
2458369.61132 17.386 0.012 3.94 390.0
2458370.60638 17.374 0.012 4.09 396.0
2458371.55730 17.395 0.012 4.25 353.0
2458372.51862 17.415 0.015 5.38 405.0
2458373.50751 17.380 0.015 5.71 389.0
2458375.52769 17.371 0.015 5.75 432.0
2458375.64329 17.357 0.016 6.09 450.0
2458376.59786 17.358 0.015 5.75 458.0
2458377.53332 17.389 0.023 6.99 929.0
2458377.62842 17.398 0.026 6.98 1105.0
2458382.48627 17.391 0.013 3.84 636.0
2458382.60020 17.404 0.014 3.95 692.0
2458383.50224 17.395 0.016 4.77 647.0
2458383.59528 17.397 0.018 5.27 721.0
2458384.54932 17.368 0.014 3.78 625.0
2458384.62502 17.415 0.016 4.45 735.0
2458385.56947 17.367 0.011 3.36 589.0
2458386.50189 17.397 0.014 4.12 613.0
2458390.51479 17.370 0.016 5.38 494.0
2458392.57572 17.382 0.014 5.26 464.0
2458393.53607 17.379 0.016 5.78 393.0
2458394.49155 17.369 0.017 6.22 462.0
2458394.61085 17.390 0.014 5.12 401.0
2458397.53238 17.352 0.015 5.39 491.0
2458399.49263 17.380 0.020 7.43 454.0
2458401.55531 17.425 0.017 5.64 625.0
2458409.51062 17.377 0.021 6.95 695.0
2458410.54834 17.400 0.016 4.94 701.0
2458412.53963 17.413 0.019 5.13 681.0
2458414.52896 17.398 0.021 5.74 780.0
2458416.52533 17.414 0.025 6.98 893.0
2458419.49993 17.380 0.016 4.76 696.0
2458424.50684 17.411 0.026 7.65 690.0
2458528.89049 17.372 0.020 5.73 1029.0
2458531.86155 17.375 0.015 5.56 451.0
2458533.87000 17.381 0.014 4.52 688.0
2458535.86533 17.425 0.018 6.25 614.0
2458536.85188 17.370 0.013 4.60 618.0
2458536.89267 17.411 0.017 5.43 733.0
2458538.86280 17.381 0.013 5.04 484.0
2458539.85143 17.393 0.014 4.71 538.0
2458539.90133 17.414 0.019 5.17 1141.0
2458540.87431 17.409 0.024 5.40 1382.0
2458544.87482 17.368 0.011 5.16 344.0
2458546.85209 17.355 0.011 4.58 372.0
2458546.89179 17.362 0.012 4.81 374.0
2458547.85661 17.376 0.013 5.49 368.0
2458547.90078 17.357 0.013 4.85 466.0
2458548.86543 17.392 0.012 4.43 415.0
2458549.79838 17.376 0.015 6.42 398.0
2458549.85291 17.377 0.013 5.52 371.0
2458549.90085 17.412 0.013 4.55 487.0
2458550.86541 17.379 0.012 4.65 375.0
2458550.90477 17.366 0.012 5.13 418.0
2458551.87584 17.373 0.014 5.57 360.0
2458552.84665 17.386 0.017 7.39 378.0
2458552.89704 17.406 0.016 7.05 358.0
2458553.81850 17.396 0.016 6.60 386.0
2458553.87453 17.372 0.015 6.60 387.0
2458554.79987 17.344 0.016 6.70 403.0
2458554.85150 17.381 0.012 4.79 389.0
2458554.89137 17.411 0.013 5.47 354.0
2458555.81248 17.400 0.013 5.17 405.0
2458555.85239 17.412 0.012 5.29 358.0
2458556.77924 17.407 0.013 5.26 389.0
2458556.82411 17.400 0.012 4.79 386.0
2458556.87378 17.379 0.012 5.28 367.0
2458557.78189 17.366 0.015 6.07 396.0
2458557.84118 17.407 0.013 4.95 368.0
2458557.88109 17.406 0.013 5.30 364.0
2458558.79451 17.380 0.014 5.66 406.0
2458558.83410 17.393 0.012 5.06 370.0
2458558.88329 17.381 0.012 5.41 336.0
2458559.77832 17.385 0.014 5.29 449.0
2458559.82780 17.362 0.012 4.41 368.0
2458559.86807 17.372 0.010 3.69 345.0
2458560.78086 17.384 0.013 4.73 559.0
2458560.82766 17.402 0.011 4.13 404.0
2458560.87680 17.380 0.011 3.95 376.0
2458561.78206 17.370 0.014 4.63 587.0
2458561.83115 17.373 0.013 4.93 516.0
2458561.87343 17.375 0.012 4.59 421.0
2458562.77803 17.334 0.016 5.49 696.0
2458562.81891 17.391 0.018 6.31 661.0
2458562.87577 17.404 0.016 5.27 588.0
2458562.91613 17.439 0.021 5.24 1300.0
2458563.80751 17.396 0.015 5.31 702.0
2458563.85568 17.373 0.014 4.29 644.0
2458563.90504 17.401 0.013 3.94 628.0
2458564.80314 17.366 0.014 5.07 581.0
2458564.85472 17.392 0.012 3.98 549.0
2458564.89526 17.388 0.013 4.35 552.0
2458565.80516 17.368 0.015 5.23 639.0
2458565.85216 17.369 0.014 5.03 599.0
2458565.90624 17.387 0.013 4.24 584.0
2458566.81238 17.383 0.013 3.92 588.0
2458566.86326 17.376 0.013 4.25 549.0
2458566.90304 17.374 0.013 4.46 528.0
2458567.79483 17.387 0.016 4.61 943.0
2458567.82621 17.412 0.014 4.19 601.0
2458567.87548 17.374 0.014 4.73 576.0
2458567.91340 17.384 0.015 4.57 664.0
2458573.89783 17.375 0.014 5.76 393.0
2458574.73184 17.394 0.016 6.90 378.0
2458574.84883 17.363 0.013 5.69 341.0
2458574.88845 17.405 0.013 5.43 329.0
2458575.74258 17.381 0.015 6.36 377.0
2458575.78253 17.396 0.013 5.70 363.0
2458575.83083 17.418 0.014 6.06 349.0
2458575.86987 17.358 0.013 5.56 352.0
2458575.92049 17.413 0.015 4.47 616.0
2458576.79592 17.382 0.014 6.27 349.0
2458576.84417 17.375 0.013 5.91 359.0
2458576.88327 17.380 0.015 6.84 336.0
2458577.71930 17.400 0.019 7.57 460.0
2458577.80130 17.379 0.017 6.54 437.0
2458577.86468 17.362 0.014 5.69 438.0
2458577.91785 17.400 0.020 6.98 573.0
2458578.75077 17.404 0.013 5.31 403.0
2458578.78985 17.359 0.012 4.62 385.0
2458578.85013 17.313 0.012 5.25 430.0
2458578.89721 17.410 0.013 5.59 379.0
2458579.72805 17.365 0.015 6.07 484.0
2458579.76787 17.379 0.014 5.31 485.0
2458579.81348 17.389 0.015 5.96 465.0
2458579.86149 17.360 0.014 5.03 478.0
2458579.91755 17.389 0.014 4.59 563.0
2458580.74010 17.369 0.014 5.99 418.0
2458580.79466 17.378 0.013 5.21 388.0
2458580.83554 17.397 0.016 6.75 405.0
2458580.89350 17.385 0.012 4.44 410.0
2458581.72771 17.368 0.012 5.24 413.0
2458581.80173 17.372 0.012 5.39 370.0
2458582.70717 17.359 0.013 5.63 371.0
2458582.75767 17.390 0.013 5.72 370.0
2458582.87911 17.385 0.013 4.68 404.0
2458583.72995 17.389 0.013 5.19 401.0
2458583.82249 17.381 0.011 4.20 376.0
2458584.69540 17.363 0.014 5.36 454.0
2458584.78198 17.377 0.011 4.63 350.0
2458585.70194 17.404 0.014 5.90 417.0
2458585.75324 17.408 0.013 6.21 383.0
2458585.87223 17.375 0.011 3.87 375.0
2458586.70371 17.376 0.013 5.59 389.0
2458586.79740 17.399 0.012 4.61 332.0
2458586.92751 17.411 0.017 4.12 1227.0
2458587.73080 17.406 0.014 5.82 444.0
2458587.84170 17.409 0.013 5.05 398.0
2458588.70771 17.367 0.014 6.16 485.0
2458588.80117 17.389 0.011 4.37 336.0
2458589.68764 17.420 0.016 5.16 690.0
2458589.74801 17.391 0.013 4.38 556.0
2458589.87596 17.371 0.012 4.21 382.0
2458590.70621 17.397 0.014 4.92 649.0
2458590.79278 17.379 0.011 3.63 519.0
2458590.92287 17.386 0.013 3.92 593.0
2458591.74138 17.408 0.014 4.72 652.0
2458591.87227 17.393 0.012 3.90 514.0
2458592.80709 17.406 0.017 5.75 697.0
2458592.89103 17.398 0.015 4.27 745.0
2458593.76631 17.409 0.017 5.48 810.0
2458593.91455 17.375 0.014 4.44 662.0
2458594.70587 17.406 0.018 5.62 807.0
2458594.81270 17.403 0.014 4.53 652.0
2458594.93153 17.419 0.018 4.43 1143.0
2458595.72912 17.359 0.021 6.10 874.0
2458595.90767 17.379 0.021 5.58 1119.0
2458599.70661 17.374 0.020 7.49 563.0
2458599.76340 17.362 0.014 5.86 546.0
2458599.81777 17.374 0.013 5.29 417.0
2458599.89836 17.395 0.012 4.36 440.0
2458600.66571 17.355 0.016 6.57 406.0
2458600.75934 17.370 0.011 4.31 383.0
2458600.90751 17.406 0.011 3.82 456.0
2458601.69512 17.384 0.012 4.87 376.0
2458601.86486 17.401 0.011 3.39 431.0
2458602.69362 17.388 0.012 4.89 347.0
2458602.83095 17.365 0.011 4.11 388.0
2458603.67462 17.382 0.013 5.77 399.0
2458603.77298 17.384 0.011 4.04 327.0
2458603.92520 17.371 0.013 4.84 484.0
2458604.77988 17.413 0.013 5.49 353.0
2458604.92809 17.401 0.014 4.68 459.0
2458605.72061 17.370 0.012 5.04 383.0
2458605.88819 17.347 0.012 4.15 404.0
2458606.69632 17.374 0.011 4.35 367.0
2458606.82746 17.388 0.010 3.15 370.0
2458607.66216 17.401 0.013 5.53 402.0
2458607.76190 17.352 0.011 4.12 365.0
2458607.88641 17.380 0.012 3.96 442.0
2458608.67864 17.392 0.014 5.25 553.0
2458608.86676 17.386 0.012 4.18 445.0
2458612.73412 17.396 0.014 5.71 330.0
2458612.83026 17.426 0.017 6.22 394.0
2458613.63598 17.417 0.017 6.34 477.0
2458613.72246 17.380 0.013 5.32 373.0
2458613.87473 17.366 0.012 3.92 489.0
2458614.65755 17.353 0.015 5.48 505.0
2458614.75850 17.370 0.014 4.92 465.0
2458614.91541 17.361 0.015 5.26 540.0
2458615.72019 17.366 0.014 5.44 422.0
2458615.87705 17.374 0.014 5.61 384.0
2458616.66359 17.393 0.012 4.59 466.0
2458616.78574 17.392 0.010 3.29 392.0
2458616.93473 17.422 0.014 4.06 710.0
2458617.69395 17.390 0.012 4.20 463.0
2458617.85343 17.390 0.012 4.21 458.0
2458618.65916 17.365 0.014 5.52 520.0
2458618.78134 17.369 0.011 3.83 532.0
2458618.92122 17.420 0.016 5.04 661.0
2458619.68427 17.401 0.015 5.61 502.0
2458619.84820 17.394 0.016 5.73 533.0
2458620.65218 17.399 0.016 5.77 559.0
2458620.75808 17.379 0.012 4.20 486.0
2458620.94110 17.385 0.021 5.12 1338.0
2458621.78673 17.362 0.023 5.62 1363.0
2458621.91313 17.423 0.018 4.77 904.0
2458626.64376 17.396 0.020 6.48 647.0
2458626.69320 17.382 0.021 7.60 602.0
2458626.74426 17.412 0.015 5.07 571.0
2458626.80541 17.397 0.017 5.80 619.0
2458626.85883 17.386 0.015 4.70 665.0
2458626.90926 17.380 0.015 4.61 702.0
2458627.62647 17.381 0.014 5.36 673.0
2458627.69766 17.397 0.011 4.36 373.0
2458627.77180 17.397 0.012 4.07 634.0
2458635.66977 17.368 0.012 4.82 343.0
2458635.81370 17.374 0.013 4.64 421.0
2458635.93380 17.386 0.020 7.22 594.0
2458636.62480 17.373 0.014 5.49 393.0
2458636.76832 17.382 0.011 4.34 335.0
2458636.89225 17.386 0.012 4.27 444.0
2458637.60272 17.390 0.012 5.38 340.0
2458637.71571 17.393 0.011 4.27 380.0
2458637.85527 17.402 0.012 3.77 472.0
2458638.64690 17.417 0.012 5.33 349.0
2458638.82628 17.377 0.011 4.04 366.0
2458639.66984 17.380 0.010 4.02 409.0
2458639.83596 17.400 0.011 3.73 458.0
2458640.59246 17.388 0.014 6.25 433.0
2458640.72262 17.381 0.012 4.38 375.0
2458640.86581 17.352 0.014 5.20 433.0
2458641.63526 17.415 0.013 4.80 460.0
2458642.56962 17.393 0.017 6.12 575.0
2458642.80410 17.356 0.012 4.14 532.0
2458642.91098 17.388 0.015 4.74 624.0
2458643.60016 17.385 0.011 4.27 403.0
2458643.73375 17.359 0.011 4.24 382.0
2458643.84746 17.403 0.012 4.20 420.0
2458644.56095 17.384 0.015 5.74 495.0
2458644.63123 17.362 0.012 4.96 387.0
2458644.76496 17.394 0.014 5.15 410.0
2458644.87495 17.378 0.015 5.17 481.0
2458645.65286 17.390 0.013 4.88 388.0
2458646.59714 17.370 0.017 6.60 466.0
2458646.68508 17.385 0.015 5.97 409.0
2458646.79097 17.373 0.014 5.38 382.0
2458647.59373 17.361 0.017 6.07 556.0
2458647.64645 17.370 0.017 6.20 518.0
2458647.76787 17.361 0.016 5.91 489.0
2458648.59602 17.366 0.019 6.76 661.0
2458648.65092 17.369 0.016 5.62 585.0
2458648.77200 17.397 0.015 4.80 581.0
2458648.88194 17.390 0.017 6.24 514.0
2458649.61438 17.419 0.022 6.59 749.0
2458654.52581 17.423 0.020 5.28 1466.0
2458655.62014 17.401 0.012 4.38 633.0
2458655.76988 17.387 0.017 5.94 746.0
2458656.63093 17.375 0.012 4.87 502.0
2458656.73445 17.378 0.012 4.55 432.0
2458656.86252 17.398 0.017 6.32 567.0
2458657.59242 17.372 0.012 5.21 351.0
2458657.68523 17.397 0.013 5.10 361.0
2458657.80702 17.383 0.011 4.12 364.0
2458658.54106 17.397 0.015 6.33 344.0
2458660.50981 17.422 0.016 6.37 424.0
2458660.57858 17.388 0.012 5.05 325.0
2458660.72960 17.378 0.012 4.88 324.0
2458660.86867 17.373 0.015 5.86 588.0
2458661.59477 17.366 0.013 5.70 339.0
2458662.55826 17.379 0.017 7.13 435.0
2458662.65137 17.377 0.012 5.21 330.0
2458664.52241 17.352 0.014 5.95 380.0
2458664.62877 17.377 0.011 4.83 274.0
2458664.76376 17.375 0.011 4.39 367.0
2458665.59119 17.335 0.012 5.32 430.0
2458666.53522 17.354 0.016 6.31 521.0
2458666.66161 17.381 0.012 5.03 322.0
2458666.82446 17.380 0.016 6.96 359.0
2458667.56368 17.361 0.016 6.47 449.0
2458667.69215 17.422 0.013 5.37 370.0
2458667.81907 17.378 0.012 4.97 392.0
2458668.54183 17.411 0.015 6.55 372.0
2458668.69054 17.367 0.011 4.65 289.0
2458668.81804 17.384 0.012 5.18 340.0
2458669.51439 17.364 0.017 6.98 488.0
2458669.64660 17.367 0.013 4.90 409.0
2458669.78833 17.402 0.011 3.74 383.0
2458670.50065 17.353 0.013 5.81 447.0
2458670.58714 17.375 0.010 4.07 328.0
2458670.73805 17.395 0.010 4.02 298.0
2458671.67300 17.436 0.017 7.14 329.0
2458673.59947 17.394 0.012 4.30 422.0
2458673.73049 17.389 0.011 4.05 341.0
2458674.57102 17.410 0.015 6.00 381.0
2458674.66459 17.390 0.012 5.28 319.0
2458674.79580 17.376 0.015 6.12 448.0
2458675.61932 17.379 0.014 4.26 670.0
2458675.82292 17.366 0.015 5.69 446.0
2458676.48698 17.382 0.018 5.96 702.0
2458676.56432 17.394 0.014 4.64 551.0
2458676.73748 17.390 0.014 4.88 531.0
2458676.81374 17.393 0.016 5.59 633.0
2458677.60971 17.413 0.015 4.65 705.0
2458677.78535 17.365 0.020 4.65 1631.0
2458681.49239 17.368 0.022 6.33 1101.0
2458681.56903 17.417 0.021 5.74 981.0
2458681.65049 17.356 0.018 5.02 917.0
2458682.48701 17.425 0.017 5.45 794.0
2458682.56362 17.382 0.015 5.10 653.0
2458682.77691 17.376 0.015 4.66 711.0
2458683.48795 17.356 0.017 6.76 458.0
2458683.57265 17.359 0.016 5.90 518.0
2458683.74818 17.357 0.015 5.48 533.0
2458684.49445 17.389 0.014 5.66 435.0
2458684.57516 17.367 0.014 4.82 658.0
2458684.72993 17.375 0.013 4.76 440.0
2458685.49899 17.336 0.014 6.22 430.0
2458685.64418 17.371 0.012 4.57 373.0
2458688.55224 17.381 0.018 7.21 399.0
2458688.64865 17.389 0.013 5.23 300.0
2458689.49953 17.356 0.016 6.48 434.0
2458689.58522 17.398 0.015 6.20 354.0
2458689.69678 17.361 0.013 6.07 318.0
2458690.48806 17.428 0.015 5.42 452.0
2458690.58212 17.370 0.014 5.42 376.0
2458690.72334 17.403 0.013 5.02 336.0
2458691.48589 17.390 0.011 4.13 444.0
2458691.56202 17.394 0.011 4.34 302.0
2458691.74967 17.413 0.015 5.74 400.0
2458692.48808 17.370 0.015 5.55 497.0
2458692.57628 17.392 0.012 4.56 480.0
2458692.68858 17.367 0.012 4.12 391.0
2458693.48732 17.387 0.018 7.16 398.0
2458693.62204 17.370 0.014 5.83 330.0
2458693.76992 17.399 0.016 6.17 430.0
2458694.49071 17.376 0.013 4.93 400.0
2458694.56997 17.381 0.011 3.99 360.0
2458694.64926 17.394 0.012 4.87 314.0
2458695.49061 17.401 0.012 4.98 398.0
2458695.72636 17.372 0.010 3.84 334.0
2458695.77950 17.402 0.011 4.34 395.0
2458697.55949 17.398 0.017 7.08 375.0
2458698.49020 17.379 0.013 5.61 346.0
2458698.72021 17.419 0.011 3.88 331.0
2458698.76630 17.371 0.011 4.00 369.0
2458699.49313 17.394 0.014 5.63 408.0
2458699.71965 17.394 0.012 4.10 355.0
2458699.76565 17.402 0.012 4.68 372.0
2458700.49270 17.404 0.012 4.46 384.0
2458700.72998 17.405 0.013 4.70 397.0
2458700.76688 17.389 0.013 4.72 434.0
2458701.49283 17.379 0.013 5.25 407.0
2458701.64945 17.389 0.012 4.44 392.0
2458702.49306 17.399 0.015 5.87 397.0
2458702.60648 17.417 0.014 5.72 345.0
2458702.75995 17.396 0.013 5.03 376.0
2458703.49327 17.387 0.016 5.67 485.0
2458704.55032 17.407 0.019 6.60 587.0
2458704.68220 17.406 0.017 5.67 562.0
2458708.59991 17.415 0.013 3.80 644.0
2458710.49361 17.392 0.015 4.84 674.0
2458711.49171 17.399 0.021 5.26 1336.0
2458711.60452 17.366 0.017 4.92 933.0
2458711.73132 17.406 0.029 7.32 1166.0
2458712.50840 17.392 0.018 6.45 512.0
2458712.62624 17.398 0.016 6.18 482.0
2458713.49287 17.410 0.016 6.17 394.0
2458713.61927 17.330 0.014 5.39 448.0
2458713.73444 17.362 0.017 6.24 542.0
2458714.49512 17.373 0.017 6.72 389.0
2458714.64647 17.406 0.014 4.92 780.0
2458715.51082 17.398 0.016 6.43 367.0
2458715.65033 17.398 0.012 4.60 356.0
2458716.50859 17.406 0.011 3.66 334.0
2458716.72805 17.382 0.014 5.59 508.0
2458717.49399 17.409 0.016 6.28 365.0
2458717.63087 17.418 0.015 5.93 357.0
2458718.50941 17.362 0.011 3.78 369.0
2458718.64558 17.413 0.011 4.08 351.0
2458719.49118 17.390 0.017 6.50 395.0
2458719.58230 17.411 0.013 4.86 381.0
2458719.69189 17.394 0.015 6.87 410.0
2458721.50121 17.382 0.013 5.47 345.0
2458721.68836 17.394 0.013 5.41 371.0
2458722.49597 17.370 0.011 4.31 384.0
2458722.69724 17.395 0.013 5.97 324.0
2458723.60150 17.376 0.012 4.75 427.0
2458723.64168 17.383 0.012 4.64 397.0
2458724.50541 17.404 0.013 4.92 367.0
2458724.64285 17.387 0.011 4.37 345.0
2458725.50985 17.357 0.013 5.27 435.0
2458725.59510 17.400 0.013 5.32 344.0
2458726.58351 17.376 0.013 5.27 324.0
2458726.63653 17.367 0.012 4.59 294.0
2458727.53365 17.403 0.015 5.46 392.0
2458727.61844 17.373 0.015 5.64 444.0
2458728.59856 17.385 0.013 5.32 387.0
2458728.63821 17.394 0.013 4.71 375.0
2458729.49933 17.387 0.015 5.93 358.0
2458729.63693 17.375 0.013 4.74 389.0
2458730.58370 17.384 0.016 6.67 365.0
2458730.62390 17.382 0.014 5.91 360.0
2458731.53515 17.356 0.017 7.21 383.0
2458731.60328 17.363 0.017 6.75 414.0
2458736.61091 17.427 0.020 6.39 653.0
2458737.62196 17.410 0.022 7.20 677.0
2458738.59096 17.393 0.018 5.97 681.0
2458739.50600 17.376 0.017 5.73 568.0
2458740.54891 17.426 0.019 6.64 573.0
2458741.60286 17.396 0.017 5.87 550.0
2458742.60175 17.381 0.015 5.19 561.0
2458746.59348 17.420 0.018 7.23 379.0
2458747.54566 17.400 0.016 6.72 349.0
2458750.58717 17.395 0.013 4.62 405.0
2458752.58888 17.370 0.015 6.19 408.0
2458753.60426 17.397 0.017 6.41 436.0
2458754.58754 17.383 0.016 6.23 463.0
2458755.59036 17.385 0.012 4.03 412.0
2458757.57800 17.395 0.016 6.08 389.0
2458759.59786 17.355 0.019 7.13 494.0
2458763.56324 17.397 0.016 5.20 664.0
2458766.58597 17.381 0.022 6.39 928.0
2458768.57719 17.395 0.022 6.56 743.0
2458782.54728 17.399 0.016 4.86 591.0
2458783.51973 17.368 0.015 4.95 508.0
2458783.55044 17.393 0.016 5.80 509.0
2458899.87781 17.401 0.014 5.85 383.0
2458900.88646 17.425 0.013 5.04 441.0
2458901.88975 17.408 0.014 5.26 473.0
2458902.88975 17.353 0.012 4.55 418.0
2458903.88647 17.366 0.012 5.09 406.0
2458904.87617 17.394 0.012 5.09 322.0
2458905.86983 17.380 0.012 5.16 337.0
2458906.88369 17.377 0.012 4.87 356.0
2458907.88052 17.403 0.012 4.83 394.0
2458908.87474 17.401 0.013 5.73 384.0
2458909.85506 17.394 0.011 4.62 324.0
2458909.89806 17.415 0.014 4.34 747.0
2458910.80691 17.403 0.016 6.57 398.0
2458910.87590 17.376 0.016 6.49 432.0
2458911.83256 17.394 0.013 5.66 379.0
2458911.86673 17.378 0.013 5.85 359.0
2458912.80052 17.401 0.015 6.30 416.0
2458912.83903 17.407 0.013 5.55 380.0
2458912.88202 17.383 0.012 5.37 344.0
2458913.80983 17.428 0.018 7.33 430.0
2458913.85259 17.411 0.013 5.97 355.0
2458913.88707 17.374 0.014 6.03 360.0
2458914.85938 17.363 0.012 4.78 374.0
2458914.89369 17.390 0.012 5.18 397.0
2458915.83957 17.395 0.012 5.51 365.0
2458915.87450 17.383 0.012 5.28 333.0
2458916.79943 17.370 0.014 5.10 636.0
2458916.83403 17.356 0.013 4.79 549.0
2458916.87758 17.363 0.013 5.14 443.0
2458917.80318 17.377 0.015 4.95 820.0
2458917.84623 17.397 0.014 4.49 659.0
2458917.88331 17.370 0.014 4.55 734.0
2458918.82187 17.426 0.017 5.54 730.0
2458918.85647 17.359 0.015 4.58 916.0
2458918.89948 17.367 0.013 4.93 571.0
2458919.80646 17.391 0.018 6.41 710.0
2458919.84876 17.407 0.015 5.21 592.0
2458919.88399 17.393 0.013 5.06 521.0
2458920.80540 17.362 0.015 4.96 679.0
2458920.84025 17.376 0.014 5.06 595.0
2458920.88726 17.417 0.013 4.49 530.0
2458921.78566 17.396 0.015 5.30 697.0
2458921.83052 17.375 0.013 5.21 591.0
2458921.86533 17.379 0.013 5.04 560.0
2458921.90978 17.360 0.017 4.36 1393.0
2459795.59594 17.429 0.014 5.65 341.0
2459795.64383 17.399 0.011 4.89 336.0
2459795.67891 17.399 0.014 5.84 363.0
2459795.72387 17.409 0.016 6.57 423.0
2459795.75744 17.388 0.018 7.07 497.0
2459796.53502 17.386 0.015 6.38 389.0
2459796.62230 17.359 0.012 5.16 352.0
2459796.66574 17.384 0.014 5.98 362.0
2459796.70277 17.389 0.013 5.49 345.0
2459796.74694 17.402 0.013 5.43 364.0
2459797.57887 17.396 0.016 5.87 458.0
2459797.62184 17.409 0.017 5.68 460.0
2459797.65751 17.412 0.016 5.81 411.0
2459797.71623 17.390 0.015 5.72 511.0
2459797.75668 17.377 0.014 5.36 431.0
2459798.51813 17.406 0.025 7.47 908.0
2459804.48469 17.387 0.015 4.80 632.0
2459804.51916 17.399 0.015 5.11 621.0
2459804.56461 17.416 0.014 4.64 558.0
2459804.59990 17.393 0.015 5.25 576.0
2459804.64421 17.384 0.017 5.99 618.0
2459804.68350 17.359 0.018 5.98 820.0
2459805.50819 17.372 0.016 6.37 422.0
2459805.54332 17.457 0.017 5.28 674.0
2459805.58818 17.378 0.014 4.90 555.0
2459805.62304 17.383 0.013 4.70 509.0
2459805.66585 17.401 0.014 4.90 538.0
2459805.70004 17.436 0.016 5.14 583.0
2459805.74257 17.385 0.018 6.13 638.0
2459806.59778 17.359 0.017 6.82 583.0
2459806.64893 17.445 0.018 6.32 483.0
2459806.68649 17.385 0.017 6.22 506.0
2459806.74672 17.395 0.018 5.94 632.0
2459807.51411 17.400 0.013 5.59 363.0
2459807.57096 17.391 0.013 5.52 368.0
2459807.62689 17.345 0.013 5.72 397.0
2459807.69221 17.381 0.013 5.20 434.0
2459807.72717 17.373 0.013 5.20 454.0
2459808.49831 17.422 0.017 7.06 361.0
2459808.54421 17.392 0.013 5.46 350.0
2459808.64644 17.387 0.014 5.42 354.0
2459808.68296 17.338 0.015 5.95 415.0
2459808.72966 17.371 0.014 5.30 436.0
2459809.58206 17.431 0.015 6.42 330.0
2459809.62571 17.411 0.013 5.17 324.0
2459809.66317 17.397 0.014 5.64 334.0
2459810.50753 17.374 0.010 3.98 324.0
2459810.55531 17.381 0.010 4.08 321.0
2459810.70400 17.419 0.012 5.07 326.0
2459811.49699 17.387 0.015 6.70 338.0
2459811.57352 17.383 0.012 5.23 324.0
2459811.68225 17.395 0.012 4.42 336.0
2459811.72397 17.414 0.012 4.37 373.0
2459812.50391 17.407 0.015 6.56 342.0
2459812.55548 17.384 0.016 6.87 326.0
2459812.70227 17.401 0.012 4.47 335.0
2459813.50287 17.435 0.016 6.51 357.0
2459813.67595 17.412 0.014 5.74 325.0
2459813.71637 17.345 0.013 5.88 330.0
2459814.50502 17.398 0.013 5.17 362.0
2459814.56879 17.370 0.013 5.75 337.0
2459814.60366 17.391 0.013 5.78 340.0
2459814.70370 17.388 0.015 6.02 391.0
2459815.49150 17.402 0.013 5.07 376.0
2459815.55556 17.393 0.013 4.97 357.0
2459815.59049 17.378 0.012 5.00 361.0
2459816.47717 17.446 0.019 6.04 617.0
2459816.51178 17.401 0.014 5.90 368.0
2459816.55763 17.396 0.013 5.19 354.0
2459816.59309 17.380 0.012 5.14 341.0
2459817.49885 17.393 0.014 5.61 416.0
2459817.56723 17.402 0.012 4.74 426.0
2459817.61247 17.375 0.013 5.11 386.0
2459817.66914 17.434 0.012 5.04 415.0
2459818.54032 17.400 0.018 7.21 435.0
2459818.58778 17.408 0.017 6.89 444.0
2459819.51132 17.355 0.011 3.76 460.0
2459819.58049 17.415 0.012 4.94 401.0
2459820.48718 17.424 0.017 6.38 476.0
2459820.53499 17.412 0.015 6.20 400.0
2459820.67117 17.400 0.013 4.99 389.0
2459821.51102 17.390 0.014 6.04 366.0
2459821.55860 17.391 0.012 5.36 329.0
2459822.48634 17.403 0.016 5.64 534.0
2459822.53508 17.401 0.013 5.39 387.0
2459822.59471 17.385 0.017 7.39 388.0
2459823.59605 17.400 0.017 7.01 446.0
2459823.67835 17.405 0.018 7.38 455.0
2459824.51381 17.413 0.020 7.51 508.0
2459824.56948 17.395 0.018 6.98 535.0
2459824.68261 17.408 0.014 5.82 402.0
2459829.51656 17.417 0.022 6.81 818.0
2459829.63827 17.377 0.026 7.55 940.0
2459830.64333 17.334 0.019 6.26 854.0
2459831.49821 17.368 0.017 6.08 693.0
2459831.56499 17.397 0.017 6.09 679.0
2459831.62149 17.374 0.019 6.30 778.0
2459832.51527 17.467 0.021 6.65 701.0
2459832.56251 17.435 0.021 7.03 713.0
2459834.50667 17.373 0.014 5.24 511.0
2459834.55908 17.418 0.016 5.60 608.0
2459834.60768 17.384 0.015 5.21 650.0
2459834.65901 17.426 0.017 5.52 703.0
2459835.58728 17.450 0.017 5.90 540.0
2459835.63461 17.361 0.015 6.11 464.0
2459836.58817 17.363 0.019 7.54 483.0
2459837.64152 17.387 0.013 4.70 549.0
2459838.53229 17.392 0.013 5.24 419.0
2459838.59252 17.379 0.013 5.41 447.0
2459840.48834 17.421 0.019 6.52 610.0
2459840.53541 17.413 0.017 7.07 385.0
2459840.58287 17.420 0.017 7.00 413.0
2459841.49875 17.370 0.015 6.03 500.0
2459841.54742 17.437 0.014 5.70 445.0
2459841.59438 17.421 0.017 6.46 498.0
2459843.55097 17.352 0.017 6.87 437.0
2459843.60006 17.426 0.017 6.19 439.0
2459844.53540 17.429 0.017 6.66 434.0
2459844.58297 17.389 0.013 5.10 454.0
2459845.49376 17.430 0.018 6.76 478.0
2459845.54183 17.447 0.015 5.86 383.0
2459845.59118 17.394 0.013 5.30 408.0
2459846.58284 17.396 0.017 6.55 455.0
2459848.52038 17.429 0.017 6.61 465.0
2459848.56739 17.411 0.016 5.81 520.0
2459848.61617 17.411 0.016 6.01 498.0
2459850.59328 17.378 0.013 5.12 433.0
2459851.59640 17.384 0.018 7.06 470.0
2459852.51365 17.417 0.018 6.96 459.0
2459852.55811 17.409 0.015 5.62 463.0
2459852.61136 17.395 0.014 4.81 502.0
2459856.57591 17.391 0.024 7.02 918.0
2459857.51983 17.412 0.022 7.00 749.0
2459857.58075 17.362 0.024 7.07 892.0
2459859.52142 17.422 0.014 4.73 673.0
2459859.56895 17.361 0.014 4.67 757.0
2459860.51020 17.390 0.022 6.61 758.0
2459860.55897 17.437 0.020 5.72 836.0
2459860.59112 17.415 0.021 5.70 945.0
2459861.53900 17.445 0.020 5.95 813.0
2459862.55330 17.388 0.022 6.54 873.0
2459864.53147 17.373 0.016 5.28 647.0
2459865.51002 17.396 0.019 7.19 580.0
2459866.51708 17.379 0.015 4.69 634.0
2459867.50300 17.393 0.016 5.09 748.0
2459868.52489 17.389 0.016 5.04 570.0
2459869.52578 17.390 0.015 5.13 513.0
2459870.53045 17.390 0.016 5.97 502.0
2459875.51558 17.361 0.016 5.53 595.0
2459988.88498 17.388 0.014 4.48 902.0
2459997.83507 17.378 0.014 5.55 521.0
2460001.84772 17.382 0.012 4.39 494.0
2460005.84547 17.401 0.013 4.69 504.0
2460009.82473 17.401 0.015 4.82 707.0
2460013.86312 17.385 0.011 3.86 499.0
2460021.78634 17.397 0.012 5.28 383.0
2460024.77839 17.373 0.011 4.22 421.0
2460026.85633 17.391 0.012 5.36 379.0
2460029.76465 17.400 0.012 5.56 362.0
2460031.83236 17.366 0.011 4.42 387.0
2460033.90704 17.398 0.012 4.84 406.0
2460036.80861 17.390 0.012 5.12 411.0
2460038.91302 17.397 0.011 4.69 357.0
2460041.76756 17.376 0.015 5.17 657.0
2460043.74665 17.377 0.013 4.39 792.0
2460048.90799 17.395 0.010 3.96 422.0
2460052.78055 17.369 0.013 5.52 388.0
2460056.72240 17.349 0.015 6.74 423.0
2460058.80062 17.389 0.011 4.65 414.0
2460060.79536 17.416 0.011 4.36 422.0
2460062.83000 17.378 0.010 4.50 377.0
2460066.71318 17.382 0.012 4.86 457.0
2460068.66649 17.406 0.017 5.64 737.0
2460069.90633 17.407 0.015 4.38 901.0
2460075.91545 17.391 0.014 4.37 863.0
2460085.64550 17.425 0.021 7.99 408.0
2460089.62320 17.386 0.015 5.16 532.0
2460091.64000 17.380 0.016 5.36 588.0
2460093.91650 17.425 0.018 6.18 694.0
2460095.90767 17.380 0.016 5.44 530.0
2460097.60353 17.372 0.017 4.98 770.0
2460098.73083 17.382 0.020 5.15 1090.0
2460104.91267 17.397 0.019 5.60 801.0
2460106.74120 17.360 0.014 5.66 377.0
2460108.56225 17.397 0.016 6.05 426.0
2460110.53013 17.373 0.017 6.10 634.0
2460111.75479 17.365 0.013 4.58 385.0
2460112.85448 17.387 0.013 4.41 506.0
2460114.78222 17.392 0.019 6.80 509.0
2460118.85699 17.366 0.014 5.35 502.0
2460120.73344 17.366 0.014 6.10 347.0
2460122.66989 17.377 0.016 5.93 402.0
2460124.51423 17.371 0.020 6.20 735.0
2460125.69637 17.376 0.016 4.99 673.0
2460130.63811 17.427 0.020 5.80 778.0
2460132.60168 17.404 0.018 6.26 696.0
2460134.68436 17.370 0.014 5.53 384.0
2460140.50280 17.382 0.017 6.51 412.0
2460141.77791 17.372 0.014 5.43 429.0
2460143.81699 17.385 0.016 6.12 431.0
2460149.68948 17.394 0.013 5.06 378.0
2460157.73170 17.390 0.017 4.25 1195.0
2460159.68982 17.389 0.018 6.09 631.0
2460161.65643 17.382 0.016 6.01 463.0
2460168.58635 17.406 0.014 5.49 389.0
2460170.58382 17.383 0.012 4.31 313.0
2460172.64852 17.394 0.015 5.93 423.0
2460177.66876 17.392 0.014 5.46 397.0
2460180.53639 17.401 0.016 5.38 520.0
2460186.54271 17.399 0.018 5.45 757.0
2460191.64532 17.368 0.021 7.29 643.0
2460202.53698 17.368 0.014 5.26 406.0
2460204.62069 17.394 0.015 5.48 488.0
2460212.62556 17.400 0.020 6.16 834.0
2460218.56185 17.395 0.019 6.45 593.0
2460225.58486 17.415 0.020 6.81 589.0
2460229.55905 17.397 0.021 7.03 603.0
2460243.52395 17.407 0.020 5.71 827.0
2460353.89159 17.333 0.023 6.30 1113.0
2460365.87293 17.286 0.017 6.10 707.0
2460371.85458 17.182 0.013 4.61 574.0
2460378.84907 17.056 0.010 4.28 431.0
2460381.87119 17.035 0.011 5.18 427.0
2460384.86769 17.006 0.010 4.86 463.0
2460387.83244 16.986 0.010 4.89 470.0
2460390.89197 17.024 0.010 4.42 468.0
2460393.81927 17.076 0.012 5.34 568.0
2460395.88842 17.100 0.011 4.17 609.0
2460398.81332 17.147 0.012 4.42 669.0
2460404.75273 17.228 0.013 5.82 439.0
2460406.88059 17.257 0.015 6.14 466.0
2460410.89349 17.280 0.011 4.56 404.0
2460417.81480 17.321 0.013 5.10 450.0
2460420.82980 17.337 0.014 5.52 422.0
2460425.74232 17.354 0.018 5.87 723.0
2460432.90980 17.364 0.014 4.80 604.0
2460435.77107 17.371 0.014 5.95 390.0
2460437.68205 17.380 0.019 7.66 458.0
2460440.87928 17.434 0.020 6.84 563.0
2460443.92172 17.359 0.019 6.96 541.0
2460449.71204 17.353 0.013 5.13 415.0
2460458.65398 17.369 0.013 4.65 551.0
2460460.65096 17.363 0.012 4.83 409.0
2460462.90122 17.360 0.014 5.10 499.0
2460464.66560 17.384 0.011 4.14 483.0
2460466.89397 17.383 0.016 5.82 577.0
2460468.87013 17.388 0.017 6.23 519.0
2460476.65974 17.401 0.014 5.50 439.0
2460478.68568 17.353 0.017 6.48 498.0
2460480.72718 17.415 0.020 4.84 1367.0
2460486.56743 17.367 0.018 6.25 603.0
2460488.66224 17.372 0.015 6.06 450.0
2460491.53016 17.390 0.013 5.13 366.0
2460492.82967 17.387 0.014 4.86 470.0
2460494.70333 17.395 0.016 6.46 371.0
2460497.49679 17.400 0.021 7.57 538.0
2460498.78815 17.356 0.013 4.82 391.0
2460500.76421 17.364 0.014 5.29 387.0
2460502.65913 17.353 0.015 6.19 380.0
2460504.63399 17.393 0.013 5.42 332.0
2460506.59454 17.385 0.013 4.94 404.0
2460513.68232 17.339 0.023 7.14 852.0
2460516.72231 17.366 0.014 5.56 446.0
2460518.74173 17.377 0.014 5.49 449.0
2460521.71617 17.404 0.013 5.11 376.0
2460530.69110 17.367 0.016 6.44 407.0
2460534.55074 17.407 0.012 4.88 381.0
2460542.66508 17.428 0.023 6.79 820.0
2460549.50133 17.383 0.015 5.77 468.0
2460555.62683 17.406 0.013 4.84 369.0
2460558.64332 17.373 0.013 4.96 437.0
2460561.54617 17.375 0.013 5.02 428.0
2460568.61219 17.380 0.023 6.92 868.0
2460569.64689 17.436 0.023 6.61 892.0
2460573.62331 17.405 0.017 5.31 796.0
2460579.53176 17.380 0.020 7.68 447.0
2460582.53868 17.381 0.016 5.83 486.0
2460587.50007 17.373 0.013 4.64 500.0
2460595.49633 17.360 0.023 7.36 822.0
2460596.51380 17.362 0.021 6.29 890.0
2460596.56391 17.428 0.022 5.56 1335.0
2460597.52578 17.393 0.019 5.93 848.0
2460597.57557 17.391 0.020 6.01 914.0
2460598.49826 17.407 0.020 5.84 807.0
2460598.54649 17.400 0.021 6.36 932.0
2460599.50078 17.412 0.015 4.25 769.0
2460599.56125 17.390 0.016 4.86 834.0
2460600.50031 17.363 0.016 5.12 901.0
2460600.54862 17.371 0.018 4.97 1091.0
2460601.51337 17.369 0.020 5.96 887.0
2460601.55957 17.390 0.022 6.47 1017.0
2460610.52947 17.396 0.017 5.58 674.0
2460717.89034 17.400 0.022 5.58 1202.0
2460724.88974 17.420 0.021 6.79 730.0
2460726.83811 17.387 0.016 5.56 625.0
2460735.83853 17.376 0.015 5.91 445.0
2460738.83340 17.398 0.015 5.69 434.0
2460741.82655 17.395 0.016 6.03 428.0
2460743.86761 17.381 0.013 4.66 414.0
2460745.90568 17.373 0.013 4.08 785.0
2460748.89973 17.364 0.016 5.08 732.0
2460751.81567 17.405 0.014 4.63 596.0
2460753.78756 17.407 0.018 5.79 740.0
2460761.76556 17.375 0.015 6.14 417.0
2460763.76120 17.395 0.016 6.30 445.0
2460765.76711 17.388 0.014 5.35 420.0
2460767.77023 17.412 0.013 4.84 415.0
2460769.76455 17.385 0.014 4.93 482.0
2460771.79885 17.369 0.016 6.63 396.0
2460773.74791 17.350 0.014 5.52 510.0
