2457790.86936 19.150 0.076 6.18 471.0
2457790.88488 19.222 0.094 4.73 1296.0
2457791.86446 19.171 0.066 5.53 424.0
2457792.86072 19.218 0.084 6.43 582.0
2457793.85815 19.147 0.070 5.27 646.0
2457793.88977 18.992 0.079 4.53 1435.0
2457794.85890 19.135 0.098 6.55 799.0
2457795.87104 19.310 0.107 6.14 767.0
2457796.88084 19.197 0.062 4.32 627.0
2457797.88475 19.068 0.066 4.66 774.0
2457798.88611 19.129 0.070 4.94 625.0
2457799.87914 18.983 0.070 5.84 574.0
2457800.86552 19.153 0.058 4.73 481.0
2457801.85650 19.246 0.087 5.55 673.0
2457802.84237 19.163 0.090 6.39 562.0
2457803.83644 19.094 0.082 5.33 916.0
2457803.88309 19.225 0.075 4.46 835.0
2457807.84278 19.182 0.063 5.37 374.0
2457807.88942 19.186 0.051 4.17 384.0
2457808.89198 19.186 0.057 4.37 431.0
2457809.85306 19.055 0.063 6.01 391.0
2457809.90019 19.087 0.065 5.04 572.0
2457810.84903 19.259 0.059 4.68 400.0
2457810.90710 19.029 0.108 5.41 1733.0
2457812.87085 19.042 0.045 4.30 401.0
2457813.81520 19.138 0.075 6.14 510.0
2457814.82468 19.205 0.058 4.79 411.0
2457814.87049 19.257 0.052 4.21 366.0
2457815.83656 19.132 0.059 5.27 428.0
2457815.88363 19.190 0.054 4.59 360.0
2457816.82823 19.169 0.071 5.66 411.0
2457816.87354 19.120 0.055 5.02 355.0
2457817.82478 19.074 0.051 4.55 452.0
2457817.87010 19.175 0.046 3.80 405.0
2457818.81101 19.156 0.058 5.25 404.0
2457818.85629 19.099 0.048 4.52 396.0
2457818.90144 19.190 0.056 4.40 457.0
2457819.83614 19.131 0.052 4.46 354.0
2457819.88785 19.152 0.044 3.74 329.0
2457820.84488 19.047 0.053 4.74 426.0
2457820.89056 19.194 0.050 4.07 374.0
2457821.82894 19.204 0.074 5.68 423.0
2457821.87333 19.205 0.067 5.04 422.0
2457822.82133 19.219 0.079 5.49 592.0
2457822.86605 19.219 0.067 5.11 427.0
2457823.80695 19.147 0.072 5.13 645.0
2457823.85127 19.121 0.056 4.15 553.0
2457823.89596 19.189 0.057 4.42 464.0
2457824.84742 19.042 0.070 5.69 567.0
2457824.89194 19.262 0.076 5.37 504.0
2457825.83912 19.141 0.061 4.79 540.0
2457825.88346 18.990 0.052 4.50 513.0
2457826.79739 19.134 0.074 5.39 646.0
2457826.84264 19.066 0.058 4.66 591.0
2457826.88733 19.200 0.074 5.45 536.0
2457827.81644 19.177 0.062 4.54 526.0
2457827.86082 19.233 0.066 4.84 467.0
2457827.90569 19.255 0.061 4.06 511.0
2457828.83026 19.043 0.060 5.16 520.0
2457828.87488 19.087 0.052 4.22 474.0
2457829.80763 19.262 0.085 5.35 630.0
2457829.85910 19.133 0.077 5.13 712.0
2457830.85325 19.086 0.059 4.42 687.0
2457830.89487 19.293 0.069 4.54 561.0
2457834.80214 19.178 0.065 5.34 393.0
2457834.84898 19.199 0.061 5.18 361.0
2457834.89655 19.101 0.052 4.71 365.0
2457835.76998 19.073 0.069 6.61 333.0
2457835.84774 19.213 0.095 7.28 344.0
2457835.89438 19.187 0.059 5.22 340.0
2457836.78313 19.152 0.085 7.31 348.0
2457836.83156 19.198 0.060 5.44 318.0
2457836.88082 19.113 0.069 6.34 320.0
2457837.75275 19.280 0.072 6.27 321.0
2457837.79938 19.249 0.068 6.01 303.0
2457837.84546 19.050 0.050 5.25 309.0
2457837.89256 19.267 0.051 4.34 317.0
2457838.76818 19.198 0.076 6.18 375.0
2457838.82355 19.013 0.047 4.65 358.0
2457838.87066 19.107 0.046 4.33 347.0
2457838.91886 19.132 0.064 4.37 695.0
2457839.77990 19.205 0.045 4.14 287.0
2457839.83544 19.142 0.042 3.87 285.0
2457839.88595 19.162 0.043 3.79 282.0
2457840.75823 19.167 0.071 6.15 339.0
2457840.81026 19.289 0.070 5.67 303.0
2457840.86097 19.182 0.051 4.53 306.0
2457840.90934 19.194 0.049 4.41 321.0
2457841.78566 19.315 0.091 6.93 314.0
2457841.83174 19.281 0.074 5.95 311.0
2457841.88034 19.282 0.096 7.27 337.0
2457842.73338 19.203 0.082 7.13 340.0
2457842.77974 19.111 0.067 6.36 313.0
2457842.82563 19.050 0.047 4.94 309.0
2457842.87231 19.124 0.059 5.50 334.0
2457843.73781 19.051 0.061 6.09 328.0
2457843.78347 19.201 0.062 5.65 294.0
2457843.83902 19.210 0.062 5.77 286.0
2457843.88631 19.182 0.054 5.07 277.0
2457844.73393 19.082 0.057 5.68 335.0
2457844.78002 19.190 0.048 4.52 296.0
2457844.83538 19.186 0.073 6.47 308.0
2457844.88166 19.240 0.085 6.97 317.0
2457845.72597 19.237 0.080 6.42 363.0
2457845.77335 19.046 0.049 4.91 319.0
2457845.82914 19.148 0.049 4.76 301.0
2457845.87579 19.106 0.047 4.60 299.0
2457845.92247 19.217 0.079 5.04 670.0
2457846.77515 19.143 0.053 5.10 297.0
2457846.82108 19.174 0.048 4.41 294.0
2457846.86739 19.104 0.045 4.38 305.0
2457846.91503 19.101 0.051 4.67 340.0
2457847.75463 19.261 0.068 5.55 335.0
2457847.80094 19.129 0.054 4.94 321.0
2457847.85709 19.085 0.058 5.45 315.0
2457847.90617 19.103 0.049 4.87 304.0
2457848.73814 19.053 0.072 6.66 362.0
2457848.78403 19.146 0.051 4.82 302.0
2457848.82960 19.181 0.051 4.88 294.0
2457848.88764 19.200 0.046 4.28 288.0
2457849.72053 19.088 0.076 6.49 492.0
2457849.76607 19.130 0.048 4.56 376.0
2457849.81240 19.116 0.041 3.77 311.0
2457849.86941 19.228 0.043 3.77 302.0
2457849.91774 19.245 0.049 3.54 419.0
2457850.74776 19.168 0.071 5.63 444.0
2457850.79430 19.121 0.063 5.43 382.0
2457850.84148 19.080 0.047 4.75 323.0
2457850.89899 19.147 0.052 4.88 312.0
2457851.73460 19.213 0.077 5.58 520.0
2457851.78077 19.263 0.077 5.39 445.0
2457851.82714 19.174 0.059 4.85 394.0
2457851.88565 19.158 0.048 4.59 323.0
2457852.74620 19.212 0.105 7.47 476.0
2457852.85592 19.135 0.075 6.59 375.0
2457852.90527 18.989 0.073 7.57 305.0
2457853.86458 19.109 0.092 7.33 428.0
2457853.89388 19.125 0.067 5.77 403.0
2457853.92439 19.156 0.093 6.47 597.0
2457854.73454 19.170 0.066 4.86 605.0
2457854.78503 19.087 0.050 3.91 528.0
2457854.83642 19.064 0.060 4.94 496.0
2457854.88666 19.166 0.064 4.77 489.0
2457855.73369 19.182 0.067 4.88 670.0
2457855.78028 19.240 0.060 4.04 580.0
2457855.82688 19.117 0.063 4.48 560.0
2457855.88723 19.228 0.055 3.78 540.0
2457856.70962 19.181 0.106 6.86 662.0
2457856.75774 19.135 0.090 6.47 570.0
2457856.80629 19.107 0.076 5.85 526.0
2457856.85340 19.099 0.071 5.66 525.0
2457856.91331 19.062 0.093 7.08 541.0
2457857.84140 19.109 0.125 7.09 1092.0
2457857.86335 19.121 0.107 7.21 580.0
2457857.90770 19.165 0.071 4.96 619.0
2457858.78657 19.221 0.060 4.67 456.0
2457858.82322 19.169 0.060 4.60 506.0
2457858.85945 19.303 0.091 6.17 533.0
2457858.90830 19.178 0.069 5.23 510.0
2457862.70082 19.169 0.059 5.10 407.0
2457862.74795 19.138 0.066 5.76 391.0
2457862.79512 19.177 0.069 5.62 382.0
2457862.84333 19.131 0.061 5.56 377.0
2457862.90392 19.081 0.079 6.67 395.0
2457863.77247 19.162 0.062 5.58 341.0
2457863.83508 19.260 0.065 5.12 395.0
2457863.90489 19.122 0.056 4.92 385.0
2457864.73101 19.268 0.050 4.50 307.0
2457864.81197 19.193 0.040 3.53 313.0
2457864.86367 19.146 0.044 3.73 343.0
2457864.91446 19.106 0.045 3.98 381.0
2457865.70395 19.068 0.052 5.14 335.0
2457865.92049 19.131 0.053 4.20 477.0
2457866.71517 19.197 0.052 4.25 344.0
2457866.76172 19.183 0.047 3.83 330.0
2457866.87900 19.140 0.041 3.40 355.0
2457866.92622 19.098 0.044 3.28 501.0
2457867.73407 19.168 0.043 3.75 312.0
2457867.78081 19.206 0.045 3.80 305.0
2457867.84712 19.192 0.049 4.26 313.0
2457867.89693 19.229 0.046 3.79 317.0
2457868.75857 19.099 0.067 5.95 355.0
2457868.81548 19.117 0.084 7.13 357.0
2457868.87881 19.152 0.108 8.84 391.0
2457869.67171 19.251 0.069 6.19 336.0
2457869.72797 19.121 0.053 5.07 335.0
2457869.77414 19.194 0.047 4.10 317.0
2457869.83083 19.097 0.040 3.77 314.0
2457869.89051 19.104 0.045 3.87 375.0
2457870.70166 19.143 0.048 4.64 322.0
2457870.75487 19.093 0.038 3.60 296.0
2457870.81100 19.103 0.043 4.11 309.0
2457870.86927 19.147 0.043 3.50 327.0
2457870.91684 19.131 0.045 3.86 336.0
2457871.77025 19.099 0.041 3.64 345.0
2457871.84273 19.063 0.039 3.31 330.0
2457871.89595 19.188 0.049 3.83 360.0
2457872.67046 19.134 0.051 4.69 376.0
2457872.73954 19.160 0.044 3.75 351.0
2457872.79651 19.106 0.035 3.14 330.0
2457872.86979 19.213 0.046 3.65 352.0
2457872.91936 19.252 0.051 3.79 397.0
2457873.68854 19.086 0.047 4.51 358.0
2457873.73442 19.092 0.043 4.01 336.0
2457873.78115 19.166 0.038 3.20 307.0
2457873.84006 19.118 0.043 3.66 339.0
2457873.90101 19.225 0.051 4.04 368.0
2457874.66378 19.130 0.079 6.89 405.0
2457874.70973 19.291 0.071 5.53 365.0
2457874.76501 19.111 0.083 6.88 371.0
2457874.82328 19.135 0.066 5.75 340.0
2457874.87252 19.107 0.057 4.79 422.0
2457874.91947 19.129 0.063 5.41 412.0
2457875.80776 19.013 0.040 4.06 465.0
2457875.87641 19.244 0.064 4.89 519.0
2457875.91272 19.151 0.059 5.06 523.0
2457876.65972 19.074 0.082 7.14 518.0
2457876.70670 19.097 0.058 5.23 414.0
2457876.75480 19.243 0.053 4.26 365.0
2457876.81380 19.214 0.042 3.31 353.0
2457876.87565 19.041 0.057 5.19 392.0
2457876.93277 19.064 0.052 4.11 557.0
2457877.68389 19.212 0.063 5.18 408.0
2457877.74039 19.192 0.044 3.44 361.0
2457877.79764 19.203 0.044 3.59 355.0
2457877.84795 19.247 0.054 3.68 439.0
2457877.89942 19.120 0.054 4.09 444.0
2457878.73561 19.168 0.042 3.38 396.0
2457878.79417 19.083 0.040 3.56 372.0
2457878.85456 19.173 0.043 3.45 367.0
2457878.90167 19.123 0.044 3.76 420.0
2457879.66113 19.217 0.092 7.11 493.0
2457879.71062 19.042 0.062 5.77 420.0
2457879.75648 19.062 0.079 6.20 537.0
2457879.84241 19.103 0.072 6.23 388.0
2457880.66206 19.169 0.089 7.00 479.0
2457880.70858 19.216 0.087 6.63 446.0
2457880.75451 19.152 0.064 5.14 439.0
2457880.81472 19.110 0.063 5.16 456.0
2457880.86824 19.254 0.076 5.68 429.0
2457881.74424 19.213 0.095 6.90 486.0
2457881.80151 19.164 0.065 4.83 539.0
2457881.85096 19.078 0.058 4.58 503.0
2457881.90383 19.214 0.103 7.23 481.0
2457882.69814 19.196 0.090 6.67 520.0
2457882.74400 19.184 0.069 5.17 494.0
2457882.80126 19.233 0.081 5.54 519.0
2457882.85993 19.174 0.072 5.06 582.0
2457882.91565 19.094 0.064 4.97 530.0
2457883.86384 19.160 0.109 6.67 689.0
2457889.92905 19.008 0.091 6.18 867.0
2457890.71122 19.167 0.075 5.72 471.0
2457890.77866 19.220 0.085 5.78 541.0
2457890.85388 19.049 0.061 4.91 543.0
2457890.90315 18.952 0.089 7.08 623.0
2457893.65938 19.072 0.083 7.20 409.0
2457893.70524 19.107 0.063 5.77 371.0
2457893.76113 19.192 0.066 5.38 397.0
2457893.81937 19.235 0.072 5.60 379.0
2457893.86664 19.145 0.062 5.09 412.0
2457893.91309 19.160 0.070 5.36 464.0
2457894.60222 19.181 0.088 7.62 471.0
2457894.64316 19.227 0.067 5.74 415.0
2457894.68919 19.217 0.051 4.53 347.0
2457894.75401 19.227 0.048 4.10 325.0
2457894.80179 19.165 0.057 4.73 366.0
2457894.84848 19.207 0.045 3.57 365.0
2457894.89563 19.115 0.058 4.89 411.0
2457894.94109 19.238 0.100 5.46 917.0
2457895.64158 19.110 0.057 5.30 515.0
2457895.78928 19.214 0.056 4.64 361.0
2457897.65347 19.197 0.068 5.87 375.0
2457897.69963 19.126 0.066 5.78 358.0
2457897.75013 19.035 0.055 5.56 433.0
2457900.91215 19.182 0.091 7.03 416.0
2457900.93052 19.075 0.093 7.73 430.0
2457901.63226 19.241 0.063 5.38 361.0
2457901.68128 19.080 0.057 5.65 370.0
2457901.75998 19.127 0.056 5.00 440.0
2457901.82007 19.106 0.054 4.88 375.0
2457902.58097 19.101 0.085 7.77 417.0
2457902.62607 19.143 0.071 6.37 356.0
2457902.67331 19.225 0.065 5.23 353.0
2457902.72930 19.150 0.048 4.32 345.0
2457902.78949 19.218 0.061 4.90 375.0
2457902.83555 19.123 0.082 6.63 402.0
2457902.93717 19.025 0.081 6.31 642.0
2457903.73218 18.963 0.074 7.48 319.0
2457903.79486 19.350 0.081 6.06 331.0
2457903.85086 19.112 0.065 5.57 401.0
2457903.89715 19.042 0.063 5.69 424.0
2457904.60521 19.032 0.064 6.63 381.0
2457904.65115 19.168 0.068 5.98 328.0
2457904.70461 19.140 0.045 4.25 289.0
2457904.76407 19.066 0.040 3.89 298.0
2457904.81235 19.090 0.045 4.31 324.0
2457904.85856 19.128 0.051 4.55 363.0
2457904.90413 19.208 0.083 6.25 419.0
2457905.57042 19.147 0.081 7.01 444.0
2457905.61731 19.183 0.061 5.48 357.0
2457905.66421 19.154 0.044 4.02 328.0
2457905.71995 19.187 0.043 3.72 310.0
2457905.77817 19.293 0.051 3.82 346.0
2457905.82554 19.129 0.046 3.84 389.0
2457905.87325 19.191 0.051 3.73 452.0
2457905.92895 19.168 0.073 5.41 500.0
2457906.58169 19.102 0.065 5.73 467.0
2457906.62759 19.218 0.058 4.71 379.0
2457906.68468 19.145 0.042 3.49 367.0
2457906.74034 19.108 0.042 3.88 356.0
2457906.79109 19.146 0.047 3.66 411.0
2457906.83812 19.178 0.053 4.01 445.0
2457906.88483 19.188 0.061 4.23 514.0
2457906.93104 19.025 0.068 5.20 685.0
2457907.62323 19.218 0.067 5.17 610.0
2457907.67594 19.328 0.073 4.54 655.0
2457907.72434 19.163 0.062 4.75 540.0
2457907.76396 19.093 0.051 4.41 445.0
2457907.89944 19.238 0.068 4.57 707.0
2457908.58714 19.148 0.088 6.56 595.0
2457908.63286 19.082 0.063 5.32 498.0
2457908.67962 19.178 0.055 4.30 442.0
2457908.73530 19.133 0.048 3.73 462.0
2457908.79414 19.058 0.054 4.59 455.0
2457908.84024 19.067 0.050 4.46 386.0
2457908.88743 19.177 0.076 5.65 481.0
2457909.57618 19.126 0.086 5.91 727.0
2457909.62385 19.212 0.069 4.75 524.0
2457909.68088 19.235 0.056 4.06 463.0
2457909.72796 19.194 0.048 3.30 461.0
2457909.77644 19.089 0.053 3.82 571.0
2457909.82366 19.188 0.055 3.71 540.0
2457909.86338 19.170 0.056 4.02 522.0
2457909.90763 19.100 0.066 4.82 637.0
2457909.93769 19.192 0.078 5.10 732.0
2457910.57812 19.083 0.076 5.81 603.0
2457910.62401 19.140 0.071 5.37 512.0
2457910.68040 19.218 0.060 4.36 464.0
2457910.74034 19.080 0.051 4.33 447.0
2457910.78762 19.268 0.055 3.61 483.0
2457910.83450 19.072 0.061 4.13 860.0
2457910.88964 19.188 0.058 4.22 454.0
2457911.55415 19.224 0.118 6.97 915.0
2457911.59145 19.231 0.103 6.41 717.0
2457911.63800 19.162 0.074 5.35 575.0
2457911.68495 19.179 0.063 4.52 540.0
2457911.75585 19.213 0.091 6.02 581.0
2457911.84752 19.015 0.094 6.84 681.0
2457916.56589 19.124 0.113 6.21 1297.0
2457916.60775 19.068 0.057 4.21 705.0
2457916.64858 19.139 0.061 4.09 700.0
2457916.68886 19.211 0.063 4.02 684.0
2457916.73318 19.191 0.064 4.23 637.0
2457916.77783 19.201 0.058 3.76 642.0
2457916.81882 19.129 0.065 4.21 693.0
2457917.57388 19.167 0.083 5.95 570.0
2457917.62365 19.115 0.085 6.58 483.0
2457917.67064 19.063 0.056 4.82 457.0
2457917.72033 19.153 0.059 4.41 481.0
2457917.76964 19.246 0.068 4.76 517.0
2457917.81563 19.128 0.073 5.26 591.0
2457917.86114 19.149 0.079 5.29 665.0
2457917.90771 19.090 0.094 6.02 836.0
2457918.59463 19.101 0.076 6.31 718.0
2457918.66969 19.001 0.059 4.69 712.0
2457922.58264 19.136 0.080 6.76 409.0
2457922.63125 19.060 0.055 4.98 425.0
2457922.68709 19.172 0.049 4.18 351.0
2457922.74590 19.242 0.070 5.36 406.0
2457923.55540 19.237 0.076 5.91 477.0
2457923.60012 19.005 0.058 5.73 385.0
2457923.64604 19.191 0.077 6.33 381.0
2457923.72167 19.144 0.071 5.92 399.0
2457923.76775 19.140 0.077 6.32 402.0
2457923.81579 19.159 0.077 6.20 440.0
2457923.87180 19.211 0.084 6.02 467.0
2457924.52104 19.138 0.068 6.71 414.0
2457924.56710 19.136 0.064 5.67 397.0
2457924.61295 19.084 0.053 4.90 345.0
2457924.65736 19.126 0.055 4.87 345.0
2457924.72365 19.229 0.071 5.08 380.0
2457924.77091 19.097 0.049 4.07 361.0
2457924.81668 19.082 0.050 4.24 418.0
2457924.86297 19.102 0.056 4.47 476.0
2457925.59103 19.152 0.070 6.37 335.0
2457925.63698 19.202 0.057 5.15 329.0
2457925.70093 19.159 0.048 4.37 309.0
2457925.75772 19.094 0.058 5.38 334.0
2457925.80547 19.067 0.068 6.40 351.0
2457925.85762 19.061 0.064 5.87 403.0
2457926.57477 19.047 0.066 6.50 370.0
2457926.62801 19.175 0.058 5.37 326.0
2457926.70552 19.162 0.063 5.58 348.0
2457926.75655 19.073 0.055 5.09 357.0
2457926.81059 19.128 0.084 6.93 402.0
2457928.57241 19.036 0.059 5.53 438.0
2457928.62002 19.119 0.065 5.60 414.0
2457928.67039 19.168 0.059 5.22 371.0
2457929.81366 19.393 0.096 6.84 575.0
2457932.62058 19.131 0.061 5.43 358.0
2457932.67840 18.966 0.069 6.89 352.0
2457932.72986 19.134 0.063 5.84 328.0
2457932.78503 19.201 0.081 6.59 358.0
2457932.83059 19.075 0.066 5.99 412.0
2457933.55841 19.177 0.083 6.90 344.0
2457933.61001 19.214 0.074 6.29 329.0
2457933.65711 19.166 0.072 6.55 294.0
2457933.71604 19.109 0.059 5.73 290.0
2457933.77331 18.998 0.077 7.80 320.0
2457933.80943 18.921 0.071 7.41 341.0
2457933.82969 19.126 0.085 7.27 359.0
2457933.84398 18.995 0.076 7.22 395.0
2457934.51455 19.201 0.074 6.29 411.0
2457934.56035 19.228 0.060 5.04 370.0
2457934.60596 19.175 0.056 5.06 338.0
2457934.68083 19.163 0.047 4.28 328.0
2457934.71287 19.232 0.053 4.43 321.0
2457934.76027 18.999 0.052 5.03 359.0
2457934.80613 19.010 0.063 5.99 351.0
2457934.84689 19.134 0.075 6.43 354.0
2457935.49936 19.015 0.056 5.57 446.0
2457935.54579 19.121 0.053 4.72 377.0
2457935.60277 19.202 0.055 4.65 346.0
2457935.66039 19.075 0.048 4.49 321.0
2457935.70912 19.088 0.047 4.00 329.0
2457935.75633 19.099 0.042 4.11 291.0
2457935.80267 19.091 0.041 3.90 308.0
2457935.86554 19.154 0.051 4.46 352.0
2457936.50679 19.222 0.075 6.16 419.0
2457936.55376 19.157 0.058 5.27 374.0
2457936.60218 19.091 0.051 5.01 324.0
2457936.66422 19.103 0.055 5.25 316.0
2457936.72176 19.058 0.055 5.48 309.0
2457936.77836 19.176 0.056 5.16 293.0
2457936.82608 19.061 0.069 6.74 304.0
2457936.86528 19.413 0.140 8.88 365.0
2457937.49547 19.119 0.068 5.44 548.0
2457937.54342 19.282 0.077 5.38 469.0
2457937.59092 19.169 0.063 5.28 390.0
2457937.63817 19.164 0.053 4.61 346.0
2457937.69636 19.096 0.054 4.87 349.0
2457937.75438 19.038 0.055 5.28 354.0
2457937.80147 18.994 0.053 5.59 315.0
2457938.51900 19.072 0.087 6.66 555.0
2457938.56614 19.209 0.087 6.31 455.0
2457938.61570 19.181 0.100 7.55 410.0
2457944.46269 19.511 0.174 6.28 1447.0
2457944.50380 19.274 0.090 5.49 703.0
2457944.54298 18.948 0.063 5.10 698.0
2457944.58300 19.116 0.058 4.17 616.0
2457944.62197 19.030 0.062 4.87 598.0
2457944.67024 19.174 0.066 4.54 545.0
2457944.71906 19.140 0.065 4.55 560.0
2457944.76674 19.058 0.064 4.74 607.0
2457944.83554 19.080 0.102 6.48 919.0
2457945.48538 19.208 0.078 5.73 558.0
2457945.52771 19.104 0.076 5.87 549.0
2457945.57556 19.111 0.059 4.88 465.0
2457945.62198 19.186 0.048 3.73 444.0
2457945.67084 19.146 0.047 3.81 422.0
2457945.71868 19.150 0.048 3.87 435.0
2457945.76573 19.245 0.059 4.20 499.0
2457945.81274 19.110 0.058 4.27 577.0
2457946.47005 19.068 0.073 6.43 469.0
2457946.50891 19.210 0.065 5.56 347.0
2457946.56602 19.131 0.059 4.73 460.0
2457946.61373 19.106 0.055 4.81 416.0
2457946.67937 19.100 0.048 4.07 396.0
2457946.72721 19.247 0.067 5.13 403.0
2457946.77546 19.104 0.076 6.24 413.0
2457946.82300 19.103 0.078 6.06 484.0
2457947.51956 19.176 0.071 6.28 358.0
2457947.56539 19.236 0.070 5.76 343.0
2457947.75749 19.133 0.071 6.07 399.0
2457947.79544 19.056 0.076 6.57 446.0
2457948.47736 19.052 0.071 6.73 382.0
2457948.51896 19.097 0.050 4.88 338.0
2457948.58613 19.072 0.050 5.09 303.0
2457948.63626 19.130 0.062 5.28 425.0
2457948.68526 19.194 0.068 4.82 570.0
2457948.75573 19.057 0.056 4.96 424.0
2457948.80230 19.127 0.069 5.27 567.0
2457949.55143 19.162 0.095 6.68 558.0
2457949.59104 19.098 0.071 5.61 496.0
2457949.64523 19.247 0.079 6.15 407.0
2457949.69985 19.036 0.075 6.11 511.0
2457949.75277 19.085 0.076 5.43 672.0
2457952.70341 19.201 0.069 6.01 312.0
2457952.76305 19.004 0.054 5.53 303.0
2457952.80922 19.008 0.059 5.78 340.0
2457953.48546 19.152 0.078 6.27 419.0
2457953.53683 19.136 0.057 5.21 344.0
2457953.60559 19.107 0.048 4.60 314.0
2457953.66215 19.199 0.054 4.91 301.0
2457953.71143 19.156 0.045 4.45 267.0
2457953.76246 19.044 0.053 5.53 311.0
2457953.81210 19.211 0.072 6.00 372.0
2457954.50280 19.203 0.057 4.66 493.0
2457954.55407 19.192 0.047 3.81 353.0
2457954.62691 19.136 0.048 4.53 300.0
2457954.68246 19.166 0.045 3.99 282.0
2457954.74524 19.052 0.046 4.53 380.0
2457954.80122 19.142 0.056 4.65 436.0
2457955.75712 19.076 0.049 4.87 325.0
2457955.79616 19.182 0.064 6.14 353.0
2457956.50772 19.185 0.064 5.13 419.0
2457956.56622 19.084 0.046 4.31 329.0
2457956.62181 19.152 0.049 4.45 292.0
2457956.68402 19.173 0.047 4.00 323.0
2457956.73264 19.159 0.055 4.80 342.0
2457956.78317 19.111 0.062 5.88 380.0
2457957.64178 19.155 0.063 5.71 325.0
2457957.69177 19.004 0.067 6.76 340.0
2457957.73951 19.221 0.069 6.16 324.0
2457958.59243 19.097 0.072 6.39 367.0
2457958.62595 19.161 0.079 6.88 337.0
2457958.66324 19.176 0.086 7.15 348.0
2457958.71583 19.073 0.068 6.35 365.0
2457958.76604 19.187 0.065 5.79 343.0
2457958.80218 19.155 0.083 7.08 375.0
2457959.49951 19.152 0.051 4.86 343.0
2457959.54736 19.228 0.050 4.31 325.0
2457959.59771 19.129 0.048 4.64 311.0
2457959.64849 19.240 0.048 4.15 299.0
2457959.69753 19.044 0.048 5.01 310.0
2457959.74887 19.149 0.060 5.59 324.0
2457960.49844 19.174 0.059 5.22 354.0
2457960.54739 19.124 0.049 4.81 298.0
2457960.61482 19.152 0.048 4.62 342.0
2457960.66637 19.129 0.057 5.51 291.0
2457960.71678 19.157 0.056 5.44 305.0
2457960.77646 19.136 0.065 6.10 317.0
2457960.79834 19.059 0.069 6.94 324.0
2457961.56593 19.194 0.055 5.03 379.0
2457961.60838 19.131 0.053 5.19 371.0
2457961.64388 19.150 0.056 5.27 341.0
2457961.70173 19.216 0.053 5.02 407.0
2457961.77290 19.107 0.070 6.02 520.0
2457962.50623 19.193 0.058 5.15 334.0
2457962.55638 19.198 0.046 3.98 348.0
2457962.75076 19.273 0.065 5.19 406.0
2457964.54585 19.068 0.057 4.86 403.0
2457964.59035 19.192 0.053 4.28 362.0
2457964.63949 19.147 0.056 4.77 377.0
2457964.69231 19.192 0.061 5.14 360.0
2457964.78001 19.099 0.067 5.51 547.0
2457965.65230 19.156 0.058 4.78 424.0
2457965.68316 19.131 0.051 4.30 384.0
2457965.71546 19.075 0.061 5.05 596.0
2457966.54018 19.362 0.118 7.52 422.0
2457966.57006 19.126 0.066 5.71 357.0
2457966.61570 19.285 0.082 6.26 345.0
2457966.66353 19.136 0.062 5.31 345.0
2457966.71131 19.189 0.079 6.51 346.0
2457967.59027 19.224 0.092 6.62 443.0
2457967.67537 19.060 0.071 6.16 417.0
2457967.73354 19.120 0.093 7.29 464.0
2457971.49626 19.046 0.092 5.47 1076.0
2457971.53595 19.170 0.110 5.09 1049.0
2457971.68944 19.166 0.068 4.35 670.0
2457971.72815 19.203 0.086 4.30 1014.0
2457972.50901 19.118 0.110 7.08 643.0
2457972.54408 19.179 0.115 6.96 660.0
2457972.67386 19.165 0.089 5.64 636.0
2457972.71787 19.304 0.097 5.11 721.0
2457972.74841 18.909 0.097 6.71 867.0
2457973.55397 19.222 0.100 6.51 598.0
2457973.61436 19.234 0.077 5.18 584.0
2457973.66206 19.222 0.075 5.02 636.0
2457973.72705 19.327 0.137 7.04 799.0
2457974.64557 19.220 0.063 4.51 455.0
2457974.69579 19.282 0.077 4.96 516.0
2457974.74168 18.985 0.082 6.15 647.0
2457979.47545 19.152 0.060 4.90 505.0
2457979.54182 19.039 0.053 4.75 356.0
2457979.59399 19.046 0.047 4.24 382.0
2457979.64488 19.125 0.044 3.88 355.0
2457983.57939 19.155 0.055 4.63 356.0
2457983.62553 19.164 0.057 4.98 353.0
2457983.67459 19.134 0.050 4.76 336.0
2457984.52345 18.976 0.064 6.66 347.0
2457985.63478 19.105 0.096 7.89 398.0
2457986.53524 19.104 0.043 4.02 341.0
2457986.59698 19.177 0.051 4.54 341.0
2457987.49248 19.166 0.047 3.86 371.0
2457987.61556 19.100 0.047 4.20 371.0
2457987.66197 19.000 0.046 4.46 349.0
2457990.50918 19.299 0.080 5.85 383.0
2457990.57693 19.109 0.064 5.46 384.0
2457991.47848 19.067 0.062 5.29 497.0
2457991.52946 19.274 0.074 5.65 385.0
2457991.58762 18.932 0.058 6.21 367.0
2457991.64335 19.175 0.077 6.20 377.0
2457992.49428 19.138 0.053 4.57 388.0
2457993.51168 19.120 0.059 4.89 411.0
2457993.60666 19.029 0.051 5.07 348.0
2457993.65324 19.203 0.072 5.91 378.0
2457994.57169 19.166 0.065 5.46 423.0
2457994.62108 19.088 0.061 5.32 420.0
2457998.47755 19.240 0.135 4.83 2153.0
2457998.55846 19.084 0.101 4.24 1710.0
2457998.63742 19.125 0.117 5.53 1509.0
2458003.48489 19.401 0.135 7.17 498.0
2458004.49572 19.082 0.069 5.71 427.0
2458004.56200 19.130 0.080 6.25 465.0
2458004.60871 19.138 0.079 6.01 499.0
2458005.59355 19.269 0.119 7.66 522.0
2458008.55974 19.275 0.074 5.74 369.0
2458010.50444 19.108 0.086 6.56 468.0
2458010.56465 19.177 0.069 5.59 423.0
2458012.48355 19.196 0.065 4.51 573.0
2458012.54018 19.170 0.056 4.60 451.0
2458012.58673 19.163 0.056 4.41 511.0
2458013.52841 19.249 0.061 4.55 432.0
2458013.57593 19.059 0.057 5.08 417.0
2458014.52227 19.103 0.056 4.87 393.0
2458014.56979 19.017 0.054 5.35 407.0
2458015.49461 19.165 0.079 6.40 394.0
2458015.55128 19.123 0.083 6.87 401.0
2458016.49677 19.143 0.070 5.82 444.0
2458016.54373 19.159 0.078 6.65 390.0
2458017.49674 19.214 0.072 5.50 424.0
2458017.55289 19.095 0.059 5.24 412.0
2458018.50526 19.254 0.063 4.42 403.0
2458018.56309 19.166 0.069 6.10 383.0
2458019.52803 19.039 0.046 4.20 372.0
2458020.49054 19.264 0.079 5.45 404.0
2458020.54642 19.096 0.063 4.48 400.0
2458026.51082 19.084 0.082 4.63 1230.0
2458029.56126 19.028 0.064 4.59 670.0
2458030.51759 19.036 0.057 4.00 679.0
2458035.53209 19.120 0.081 6.07 476.0
2458036.52309 19.060 0.086 7.18 456.0
2458039.49554 19.264 0.108 7.23 480.0
2458039.55101 19.063 0.103 8.14 481.0
2458040.53067 19.288 0.102 6.33 557.0
2458041.49076 18.932 0.088 6.82 719.0
2458046.52380 19.272 0.133 7.65 676.0
2458049.50547 19.182 0.056 4.09 543.0
2458054.50486 18.958 0.108 6.55 1148.0
2458056.49956 19.152 0.149 7.67 992.0
2458161.85191 19.077 0.073 6.40 458.0
2458162.85117 19.251 0.058 5.16 409.0
2458162.88974 19.123 0.074 4.43 1085.0
2458163.88721 19.160 0.066 4.81 618.0
2458164.87529 19.083 0.065 6.00 416.0
2458165.86125 19.101 0.058 5.18 435.0
2458166.84153 19.140 0.091 7.41 422.0
2458166.88058 19.348 0.083 5.82 417.0
2458167.85391 19.112 0.060 5.28 417.0
2458167.89220 19.215 0.070 5.29 491.0
2458168.86245 19.148 0.054 4.83 381.0
2458169.83248 19.243 0.077 6.09 424.0
2458169.86985 19.295 0.070 5.22 402.0
2458170.82923 19.207 0.060 5.11 420.0
2458170.86696 19.199 0.051 4.53 386.0
2458171.82576 19.162 0.066 5.61 465.0
2458171.86355 19.218 0.054 4.15 399.0
2458172.82393 19.138 0.069 6.07 438.0
2458172.86126 19.173 0.059 4.89 422.0
2458173.81953 19.237 0.075 5.63 567.0
2458173.85863 19.209 0.061 4.63 478.0
2458173.89783 19.160 0.055 3.81 592.0
2458174.84615 19.213 0.063 4.82 519.0
2458174.88347 19.290 0.053 3.75 445.0
2458175.83186 19.171 0.052 4.47 411.0
2458175.86981 19.186 0.053 4.41 359.0
2458176.81256 19.117 0.065 5.04 594.0
2458176.85021 19.176 0.053 4.23 427.0
2458176.88829 19.214 0.066 5.09 406.0
2458181.83040 19.298 0.077 4.96 623.0
2458181.87084 19.216 0.065 4.45 572.0
2458182.79959 19.160 0.086 6.33 654.0
2458182.87835 19.230 0.059 4.15 511.0
2458183.80424 19.338 0.089 5.81 637.0
2458183.85173 19.282 0.088 6.34 524.0
2458183.89872 19.158 0.065 5.38 529.0
2458184.84341 19.141 0.059 4.12 583.0
2458184.88251 19.196 0.072 4.93 557.0
2458185.82564 19.166 0.086 5.85 698.0
2458185.86422 19.290 0.083 5.26 611.0
2458185.90473 19.009 0.082 5.49 924.0
2458189.82035 19.278 0.065 5.27 392.0
2458189.86736 19.155 0.051 4.11 379.0
2458190.82164 19.206 0.047 4.37 311.0
2458190.87833 19.093 0.036 3.41 315.0
2458191.79270 19.173 0.080 6.64 383.0
2458191.84017 19.125 0.056 5.22 350.0
2458191.89635 19.140 0.069 6.06 350.0
2458192.79949 19.181 0.073 6.03 407.0
2458192.85611 19.222 0.059 4.90 361.0
2458192.90354 19.140 0.048 4.35 353.0
2458193.81774 19.284 0.064 5.43 320.0
2458193.86522 19.218 0.060 5.39 315.0
2458193.91164 19.281 0.082 4.73 782.0
2458194.81135 19.163 0.054 5.17 325.0
2458194.85774 19.072 0.045 4.69 312.0
2458194.91540 19.233 0.083 4.08 1098.0
2458195.80032 19.189 0.061 5.33 366.0
2458195.84719 19.121 0.055 5.03 344.0
2458195.90379 19.254 0.048 3.98 340.0
2458196.80003 19.250 0.055 4.42 337.0
2458196.84602 19.110 0.057 5.35 323.0
2458196.90181 19.272 0.058 4.47 325.0
2458197.77084 19.176 0.069 6.08 383.0
2458197.81642 19.178 0.050 4.54 343.0
2458197.86280 19.145 0.047 4.01 347.0
2458197.91752 19.098 0.072 3.52 1527.0
2458198.78830 19.194 0.050 4.51 356.0
2458198.83387 19.206 0.047 4.13 342.0
2458198.88880 19.237 0.060 4.41 401.0
2458199.76311 19.148 0.059 5.47 344.0
2458199.80839 19.191 0.057 5.29 320.0
2458199.86354 19.129 0.049 4.55 336.0
2458200.76912 19.233 0.067 5.72 414.0
2458200.81505 19.162 0.049 4.59 362.0
2458200.86141 19.160 0.045 3.82 384.0
2458200.91670 19.075 0.070 4.12 1105.0
2458201.77988 18.971 0.064 6.78 373.0
2458201.82601 19.257 0.074 6.12 338.0
2458201.88062 19.177 0.052 4.75 311.0
2458202.74754 19.040 0.060 5.93 450.0
2458202.79306 19.095 0.052 4.81 387.0
2458202.83849 19.202 0.045 3.61 380.0
2458202.89407 19.074 0.043 4.01 365.0
2458203.76396 19.223 0.056 4.99 352.0
2458203.80968 19.151 0.047 4.31 336.0
2458203.85597 19.083 0.046 4.27 342.0
2458203.91100 19.215 0.045 3.58 398.0
2458204.77235 19.273 0.071 5.42 453.0
2458204.81808 19.219 0.065 5.53 365.0
2458204.87288 19.169 0.061 5.67 325.0
2458204.92319 19.179 0.096 4.78 1163.0
2458205.77353 19.135 0.081 6.63 448.0
2458205.81769 19.158 0.073 6.19 378.0
2458205.88625 19.052 0.052 5.07 336.0
2458206.73832 19.222 0.079 5.93 603.0
2458206.78385 19.275 0.060 4.58 476.0
2458206.82949 19.092 0.046 4.09 422.0
2458206.88438 19.169 0.040 3.73 315.0
2458207.73424 19.115 0.077 6.31 663.0
2458207.77971 19.102 0.056 4.59 530.0
2458207.82512 19.165 0.055 4.34 468.0
2458207.87178 19.180 0.044 3.52 412.0
2458208.73035 19.116 0.069 4.88 835.0
2458208.77615 19.166 0.065 4.60 686.0
2458208.82177 19.122 0.053 3.85 588.0
2458208.86750 19.169 0.058 3.96 541.0
2458209.72540 19.186 0.082 5.91 751.0
2458209.77322 19.303 0.074 5.07 610.0
2458209.81948 19.080 0.050 4.07 527.0
2458209.86514 19.203 0.056 3.90 522.0
2458209.91121 19.271 0.069 4.73 532.0
2458210.75240 19.281 0.092 5.78 651.0
2458210.80011 19.171 0.057 4.23 555.0
2458210.84604 19.186 0.059 4.35 528.0
2458210.89186 19.220 0.058 4.23 526.0
2458211.72191 19.046 0.104 7.63 703.0
2458211.76957 19.145 0.076 5.76 596.0
2458211.81547 19.255 0.070 4.92 541.0
2458211.86122 19.167 0.051 3.87 524.0
2458211.90903 19.173 0.061 4.36 546.0
2458212.74459 19.091 0.066 4.83 785.0
2458212.77869 19.210 0.087 4.04 1457.0
2458212.82166 19.085 0.069 3.61 1281.0
2458212.86736 19.162 0.051 3.67 574.0
2458212.91525 19.158 0.054 3.48 662.0
2458217.80120 19.252 0.071 5.67 435.0
2458217.85702 19.209 0.053 4.60 346.0
2458217.90684 19.199 0.061 5.15 364.0
2458220.70893 19.234 0.085 7.49 343.0
2458220.78899 19.142 0.072 6.69 307.0
2458220.84908 19.113 0.041 4.29 291.0
2458220.90857 19.108 0.046 4.46 354.0
2458221.74190 19.171 0.051 5.05 295.0
2458221.78101 19.202 0.052 4.93 298.0
2458221.83446 19.102 0.046 4.23 297.0
2458221.89345 19.181 0.050 4.21 341.0
2458222.70002 19.159 0.055 5.19 382.0
2458222.74604 19.086 0.040 3.90 316.0
2458222.79496 19.203 0.045 4.02 297.0
2458222.86953 19.234 0.065 5.08 337.0
2458222.91970 19.217 0.068 5.15 423.0
2458223.82555 19.225 0.066 5.12 337.0
2458223.88030 19.105 0.047 4.25 340.0
2458224.69395 19.286 0.079 5.99 440.0
2458224.74047 19.089 0.058 5.34 378.0
2458224.80005 19.194 0.052 4.32 367.0
2458224.86037 19.150 0.048 4.15 372.0
2458224.90973 19.178 0.052 4.35 349.0
2458225.83848 19.180 0.082 6.73 347.0
2458226.83073 19.130 0.077 6.69 333.0
2458226.88481 19.309 0.082 6.33 332.0
2458227.69559 19.178 0.073 6.30 372.0
2458227.74170 19.152 0.057 5.46 316.0
2458227.81065 19.196 0.046 4.08 292.0
2458227.86764 19.194 0.048 3.92 322.0
2458227.91600 19.265 0.053 3.89 362.0
2458228.76460 19.126 0.064 5.96 337.0
2458228.81209 19.191 0.048 4.45 313.0
2458228.88989 19.237 0.043 3.55 312.0
2458229.69499 19.247 0.058 5.06 360.0
2458229.75063 19.221 0.048 4.47 308.0
2458229.80814 19.128 0.038 3.53 284.0
2458229.85911 19.167 0.045 4.31 300.0
2458229.90661 19.186 0.045 3.76 328.0
2458230.71236 19.082 0.067 6.53 355.0
2458230.76072 19.148 0.050 4.79 336.0
2458230.81983 19.157 0.042 3.82 319.0
2458230.88016 19.226 0.050 4.43 330.0
2458231.81375 19.178 0.052 4.57 341.0
2458232.85229 19.171 0.053 4.82 335.0
2458233.69445 19.111 0.062 5.37 466.0
2458233.74412 19.290 0.059 4.59 398.0
2458233.84627 19.219 0.043 3.85 314.0
2458235.75405 19.139 0.055 4.09 537.0
2458236.69597 19.098 0.057 4.47 599.0
2458236.74591 19.168 0.062 3.94 799.0
2458236.82234 19.157 0.059 3.97 586.0
2458238.72605 19.160 0.086 5.68 699.0
2458238.77262 19.170 0.057 3.88 666.0
2458238.82757 19.212 0.070 4.70 643.0
2458238.88268 19.187 0.056 3.50 686.0
2458244.66940 19.310 0.078 5.60 469.0
2458244.71721 19.227 0.073 5.72 423.0
2458244.76379 19.176 0.061 4.89 434.0
2458244.82201 19.266 0.060 4.31 459.0
2458244.87029 19.206 0.063 4.24 569.0
2458245.73994 19.353 0.084 5.34 461.0
2458245.78656 19.297 0.099 6.42 495.0
2458245.83553 19.259 0.115 7.33 520.0
2458245.88260 19.095 0.066 4.94 547.0
2458246.67733 19.134 0.078 6.51 423.0
2458246.72348 19.158 0.067 5.80 392.0
2458246.77384 19.208 0.066 5.29 420.0
2458246.82451 19.128 0.052 4.29 445.0
2458246.87361 19.260 0.068 4.67 496.0
2458246.92744 19.298 0.098 5.88 619.0
2458247.66008 19.250 0.071 5.61 457.0
2458247.70739 19.078 0.050 4.88 381.0
2458247.75378 19.193 0.049 4.33 370.0
2458247.81363 19.203 0.055 4.37 454.0
2458247.86918 19.260 0.063 4.38 483.0
2458247.91727 18.980 0.083 6.91 498.0
2458248.72451 19.224 0.079 6.28 363.0
2458248.78002 19.240 0.085 6.37 432.0
2458249.67511 19.103 0.081 7.07 403.0
2458249.72183 19.212 0.073 6.00 384.0
2458249.76843 19.199 0.071 6.23 328.0
2458249.81808 19.265 0.062 4.98 365.0
2458249.88356 19.173 0.065 5.03 453.0
2458249.93032 19.132 0.064 4.67 574.0
2458250.68288 19.158 0.049 5.10 299.0
2458250.72904 19.135 0.040 4.09 307.0
2458250.78543 19.296 0.043 3.64 331.0
2458250.84340 19.157 0.049 4.44 335.0
2458250.89272 19.146 0.045 3.80 376.0
2458250.93887 19.206 0.101 4.00 1471.0
2458251.65514 19.212 0.068 5.95 367.0
2458251.70148 19.223 0.079 6.73 340.0
2458251.74797 19.080 0.079 7.30 347.0
2458251.81527 19.419 0.082 5.92 366.0
2458251.86900 19.097 0.055 4.81 387.0
2458251.91492 19.209 0.053 4.08 416.0
2458252.87921 19.131 0.056 4.69 435.0
2458252.92518 19.145 0.065 5.30 466.0
2458253.64900 19.198 0.062 5.93 346.0
2458253.69675 19.278 0.054 4.70 346.0
2458253.74346 19.110 0.043 4.25 327.0
2458253.80871 19.100 0.047 4.54 356.0
2458253.86828 19.226 0.054 4.52 372.0
2458254.67205 19.170 0.050 5.11 335.0
2458254.71823 19.040 0.038 3.82 338.0
2458254.78591 19.211 0.043 3.67 350.0
2458254.85276 19.119 0.038 3.19 364.0
2458254.91093 19.148 0.045 3.48 422.0
2458255.62602 19.136 0.061 6.32 352.0
2458255.68831 19.173 0.056 4.71 342.0
2458255.74715 19.076 0.054 5.21 336.0
2458255.82725 19.100 0.048 4.16 383.0
2458255.87365 19.046 0.052 4.32 430.0
2458255.91987 19.077 0.053 4.29 417.0
2458256.63521 19.196 0.068 5.87 376.0
2458256.68325 19.321 0.079 6.22 331.0
2458256.72900 19.162 0.061 5.51 329.0
2458256.79035 19.265 0.071 5.45 376.0
2458256.83795 19.193 0.062 4.89 404.0
2458256.90210 19.168 0.058 4.53 445.0
2458257.61687 19.168 0.086 7.16 447.0
2458257.69610 19.095 0.051 5.01 331.0
2458257.74352 19.078 0.056 5.59 312.0
2458257.79351 19.086 0.060 5.65 320.0
2458257.84224 19.119 0.047 4.18 359.0
2458257.89616 19.102 0.056 4.58 434.0
2458258.67114 19.159 0.047 4.78 334.0
2458258.74028 19.108 0.042 4.22 305.0
2458258.79782 19.176 0.047 4.05 320.0
2458258.91394 19.058 0.041 3.72 393.0
2458259.63681 19.200 0.060 5.37 451.0
2458259.72098 19.233 0.054 4.53 413.0
2458259.78099 19.117 0.044 3.78 393.0
2458259.83375 19.152 0.052 4.21 422.0
2458259.88644 19.209 0.062 4.40 476.0
2458260.60039 19.171 0.063 4.88 537.0
2458260.66823 19.228 0.051 4.33 416.0
2458260.83527 19.167 0.043 3.40 494.0
2458260.93440 19.230 0.080 5.77 641.0
2458261.67329 19.148 0.056 4.49 381.0
2458261.73066 19.178 0.048 4.06 352.0
2458261.78094 19.188 0.058 4.56 322.0
2458261.87038 19.081 0.049 4.08 373.0
2458261.91800 19.009 0.048 4.03 443.0
2458262.62451 19.238 0.062 5.10 390.0
2458262.67537 19.138 0.048 4.49 335.0
2458262.72524 19.154 0.048 4.37 331.0
2458262.77343 19.164 0.056 5.10 332.0
2458262.84614 19.094 0.041 3.90 297.0
2458262.89329 19.227 0.050 3.88 361.0
2458262.93117 19.159 0.058 4.42 454.0
2458263.66479 19.117 0.048 4.35 425.0
2458263.71799 19.182 0.042 3.61 369.0
2458263.77943 19.158 0.047 3.84 432.0
2458263.83337 19.181 0.039 3.39 279.0
2458263.89042 19.119 0.044 4.30 310.0
2458264.69836 19.145 0.050 3.87 507.0
2458264.74749 19.227 0.052 3.96 452.0
2458264.80112 19.129 0.047 3.57 488.0
2458264.85092 19.061 0.050 3.90 518.0
2458264.90649 19.245 0.067 4.86 524.0
2458265.61223 19.086 0.075 5.57 614.0
2458265.65942 19.227 0.091 6.19 580.0
2458265.71286 19.173 0.065 4.95 507.0
2458265.76410 19.166 0.045 3.64 475.0
2458265.82489 19.243 0.058 3.77 525.0
2458265.89778 19.185 0.071 5.26 480.0
2458266.68008 19.126 0.095 6.68 642.0
2458266.73281 19.287 0.095 6.05 598.0
2458266.79401 19.169 0.080 5.36 670.0
2458271.60666 19.087 0.089 6.30 710.0
2458271.65166 19.235 0.091 5.77 664.0
2458271.70165 19.144 0.092 5.51 910.0
2458271.80374 19.091 0.068 5.10 587.0
2458271.83023 19.058 0.077 6.10 581.0
2458271.87116 19.133 0.073 5.28 631.0
2458272.65950 19.262 0.058 4.38 453.0
2458272.71698 19.150 0.060 4.88 450.0
2458272.76640 19.347 0.074 5.01 436.0
2458272.81770 19.225 0.056 3.90 466.0
2458272.86656 19.240 0.069 4.70 508.0
2458272.91619 19.239 0.071 4.82 547.0
2458273.58543 19.155 0.060 5.37 389.0
2458273.63507 19.175 0.055 4.60 413.0
2458273.68650 19.152 0.047 4.27 362.0
2458273.75328 19.225 0.052 4.48 346.0
2458273.80681 19.168 0.056 4.55 403.0
2458273.85459 19.288 0.069 4.96 438.0
2458273.88188 19.099 0.048 4.09 433.0
2458273.92397 19.089 0.048 4.88 336.0
2458274.60364 19.235 0.068 5.84 364.0
2458274.65093 19.133 0.082 7.22 331.0
2458274.69903 19.149 0.075 6.61 357.0
2458274.75921 19.070 0.072 6.57 403.0
2458274.81204 19.235 0.088 6.32 446.0
2458274.86267 19.159 0.069 5.29 514.0
2458274.91070 18.993 0.096 6.93 750.0
2458275.59683 19.301 0.071 5.16 408.0
2458275.65466 19.126 0.058 5.38 329.0
2458275.72012 19.144 0.042 3.76 362.0
2458275.77303 19.182 0.050 3.99 394.0
2458275.82320 19.114 0.058 4.79 430.0
2458275.87466 19.023 0.075 6.35 478.0
2458275.92185 19.295 0.082 5.25 627.0
2458276.60442 19.187 0.082 6.63 417.0
2458276.65041 19.140 0.055 5.07 341.0
2458276.70109 19.214 0.047 4.27 317.0
2458276.76174 19.151 0.056 4.97 351.0
2458276.81204 19.158 0.048 4.01 384.0
2458276.85986 19.267 0.080 5.82 443.0
2458277.59850 19.220 0.064 5.41 372.0
2458277.66162 19.155 0.045 4.41 307.0
2458277.71377 19.145 0.044 4.33 298.0
2458277.76703 19.295 0.068 5.55 318.0
2458277.81522 19.067 0.043 3.84 353.0
2458277.86440 19.226 0.059 4.34 437.0
2458277.91683 19.180 0.060 4.57 516.0
2458278.56142 19.263 0.066 5.72 439.0
2458278.60902 19.152 0.050 5.15 346.0
2458278.67983 19.119 0.045 4.46 374.0
2458278.76216 19.183 0.056 4.84 359.0
2458278.78141 19.406 0.060 4.27 394.0
2458278.80950 19.170 0.047 3.81 485.0
2458282.54740 19.177 0.063 5.36 398.0
2458282.59600 19.175 0.051 4.54 337.0
2458282.64355 19.164 0.046 4.48 292.0
2458282.70348 19.153 0.044 4.40 278.0
2458282.77240 19.151 0.046 4.71 302.0
2458282.82774 19.172 0.048 4.19 357.0
2458282.87629 19.171 0.052 4.27 404.0
2458282.92034 19.234 0.063 4.84 454.0
2458283.56036 19.241 0.067 5.78 338.0
2458283.60669 19.183 0.058 5.53 310.0
2458283.66245 19.179 0.050 4.73 325.0
2458283.72228 19.245 0.060 5.64 297.0
2458283.77349 19.194 0.049 4.27 350.0
2458283.82047 19.266 0.070 5.24 384.0
2458283.86886 19.157 0.073 5.83 429.0
2458283.91717 19.119 0.073 5.90 497.0
2458284.56025 19.169 0.059 5.17 397.0
2458284.60844 19.170 0.060 5.73 300.0
2458284.66438 19.097 0.043 4.29 326.0
2458284.72446 19.046 0.045 5.04 310.0
2458284.77398 19.160 0.045 4.26 308.0
2458284.82185 19.119 0.043 3.84 334.0
2458284.87089 19.155 0.046 3.84 376.0
2458284.91754 19.022 0.073 6.54 455.0
2458285.75685 19.194 0.064 5.43 337.0
2458285.79244 19.158 0.052 4.46 342.0
2458286.56007 19.234 0.064 5.84 315.0
2458286.60635 19.083 0.055 6.00 277.0
2458286.66523 19.108 0.047 4.71 270.0
2458286.72713 19.060 0.051 5.24 282.0
2458286.78997 19.076 0.051 4.95 292.0
2458286.85041 19.120 0.045 3.97 327.0
2458286.90081 19.047 0.050 4.35 400.0
2458287.54668 19.104 0.051 4.98 363.0
2458287.59388 19.133 0.043 4.18 286.0
2458287.65848 19.097 0.038 4.01 275.0
2458287.71787 19.205 0.047 4.45 273.0
2458287.78190 19.215 0.049 4.47 264.0
2458287.84331 19.127 0.040 3.80 288.0
2458287.89138 19.073 0.042 3.87 384.0
2458288.52380 19.117 0.069 6.41 403.0
2458288.56944 19.116 0.054 5.17 337.0
2458288.62436 19.103 0.048 5.00 289.0
2458288.68153 19.186 0.043 3.92 270.0
2458288.75435 19.187 0.050 4.37 304.0
2458288.80296 19.175 0.047 4.08 299.0
2458288.86299 18.998 0.069 6.17 443.0
2458288.90626 19.183 0.127 8.46 565.0
2458289.55398 19.211 0.062 5.31 396.0
2458289.60173 19.212 0.051 4.73 343.0
2458289.66515 19.180 0.050 4.72 331.0
2458289.73660 19.151 0.053 4.97 317.0
2458289.79439 19.267 0.078 6.23 343.0
2458289.84258 19.175 0.065 5.58 372.0
2458289.88858 19.118 0.059 4.80 454.0
2458290.55128 19.083 0.063 5.55 452.0
2458290.59984 19.145 0.057 4.99 383.0
2458290.66632 19.243 0.055 4.50 355.0
2458290.73245 19.110 0.050 4.52 339.0
2458290.79108 19.099 0.057 4.88 387.0
2458290.83917 19.171 0.062 4.93 429.0
2458290.88621 19.153 0.073 5.61 517.0
2458291.59402 19.107 0.059 4.40 712.0
2458291.64301 19.191 0.056 4.23 424.0
2458291.72271 19.220 0.061 4.35 453.0
2458291.77001 19.188 0.052 3.92 410.0
2458291.82747 19.105 0.049 4.07 390.0
2458291.88403 19.256 0.085 5.85 464.0
2458292.55453 19.274 0.074 5.32 471.0
2458292.60166 19.076 0.064 5.79 406.0
2458292.64899 18.943 0.083 6.01 792.0
2458292.71652 19.171 0.064 4.94 463.0
2458292.77449 19.085 0.058 4.74 435.0
2458292.85079 19.162 0.059 4.70 413.0
2458292.89237 19.199 0.077 5.38 521.0
2458293.55226 19.245 0.106 6.78 535.0
2458293.61111 19.106 0.076 6.23 465.0
2458293.67479 19.165 0.061 4.88 435.0
2458293.73555 19.086 0.069 5.66 473.0
2458293.78887 18.903 0.120 9.59 549.0
2458293.82545 19.139 0.118 7.97 665.0
2458294.60199 19.077 0.100 7.15 695.0
2458294.64994 19.239 0.087 5.97 538.0
2458294.71554 19.326 0.131 7.98 634.0
2458294.78975 19.131 0.105 7.16 756.0
2458294.84003 19.204 0.103 6.21 815.0
2458299.52512 19.035 0.091 5.92 996.0
2458301.60946 19.315 0.107 6.95 481.0
2458301.64989 19.387 0.112 6.83 484.0
2458301.70824 19.340 0.142 7.45 810.0
2458301.75378 19.047 0.077 6.61 487.0
2458301.82187 18.992 0.076 6.30 645.0
2458302.59174 19.211 0.058 5.09 504.0
2458302.69628 18.953 0.082 7.12 677.0
2458304.52214 19.214 0.087 6.64 455.0
2458304.56721 18.954 0.078 7.50 400.0
2458304.61335 19.213 0.080 6.51 377.0
2458304.66628 19.123 0.074 6.56 396.0
2458304.71242 19.301 0.113 7.39 479.0
2458304.77706 19.118 0.089 7.22 437.0
2458305.53317 19.129 0.082 6.59 449.0
2458305.59249 19.170 0.084 7.27 334.0
2458305.66685 19.233 0.068 6.12 327.0
2458305.72222 19.239 0.062 5.23 341.0
2458305.77549 19.031 0.073 6.87 370.0
2458305.82700 18.982 0.086 7.71 436.0
2458306.63381 19.271 0.092 7.15 344.0
2458306.68650 19.094 0.087 7.47 409.0
2458306.72550 19.217 0.075 6.35 363.0
2458306.76624 19.239 0.089 6.92 364.0
2458306.80850 19.074 0.084 7.18 414.0
2458306.84929 19.019 0.100 7.84 517.0
2458307.50007 19.128 0.059 5.39 430.0
2458307.54728 19.126 0.062 5.35 444.0
2458307.60568 19.076 0.047 4.73 341.0
2458307.66573 19.167 0.047 4.71 291.0
2458307.71381 19.243 0.050 4.10 323.0
2458307.76121 19.249 0.053 4.16 347.0
2458307.81714 19.214 0.083 6.42 402.0
2458308.48154 19.097 0.072 6.48 423.0
2458308.52821 19.289 0.069 6.00 323.0
2458308.57502 19.218 0.054 5.39 275.0
2458308.63233 19.183 0.048 4.55 274.0
2458308.69034 19.275 0.067 5.60 302.0
2458308.73833 19.235 0.073 5.80 341.0
2458308.78509 19.239 0.075 5.49 416.0
2458308.83360 19.181 0.079 6.48 431.0
2458309.50010 19.177 0.059 6.11 350.0
2458309.55086 19.108 0.048 5.20 309.0
2458309.60867 19.229 0.049 4.60 297.0
2458309.66836 19.229 0.050 4.41 300.0
2458309.71608 19.180 0.043 3.91 289.0
2458309.76360 19.150 0.047 4.16 368.0
2458309.80996 19.105 0.054 4.70 403.0
2458310.46704 19.112 0.103 7.26 612.0
2458310.51494 19.105 0.062 6.05 331.0
2458310.55390 19.198 0.063 5.87 331.0
2458310.58555 19.218 0.066 5.92 367.0
2458310.62296 19.278 0.055 4.93 319.0
2458310.66401 19.074 0.044 4.64 359.0
2458310.69894 19.234 0.053 4.57 349.0
2458310.74051 19.073 0.054 5.38 336.0
2458310.79970 19.165 0.060 5.12 387.0
2458311.46589 19.101 0.096 6.42 722.0
2458311.51272 19.276 0.078 6.27 340.0
2458311.56163 19.102 0.063 6.23 312.0
2458311.60995 19.165 0.059 5.90 292.0
2458311.66761 19.135 0.047 4.66 288.0
2458311.72585 19.191 0.049 4.12 319.0
2458311.77206 19.079 0.052 4.43 401.0
2458311.81827 19.206 0.060 4.64 436.0
2458312.48233 19.344 0.085 6.10 455.0
2458312.52902 19.202 0.062 5.36 369.0
2458312.57959 19.125 0.057 5.60 311.0
2458312.63763 19.124 0.042 4.34 272.0
2458312.70450 19.126 0.044 4.18 310.0
2458312.76051 19.130 0.041 3.99 292.0
2458312.81030 19.047 0.043 4.27 330.0
2458313.48377 19.199 0.064 6.00 455.0
2458313.53020 19.156 0.051 4.89 351.0
2458313.57828 19.181 0.042 4.32 282.0
2458313.62836 19.140 0.043 4.15 279.0
2458313.68483 19.204 0.045 3.48 327.0
2458313.73168 19.185 0.046 3.38 353.0
2458313.77868 19.237 0.055 3.86 404.0
2458313.82200 19.077 0.053 4.29 487.0
2458314.49687 19.219 0.062 5.61 366.0
2458314.54538 19.276 0.065 5.51 343.0
2458314.59316 19.202 0.057 4.93 334.0
2458314.65106 19.207 0.053 4.39 338.0
2458314.70784 19.119 0.056 5.11 354.0
2458314.75421 19.135 0.049 4.12 345.0
2458314.80000 19.152 0.057 5.32 350.0
2458316.48160 19.248 0.085 6.57 395.0
2458316.52840 19.161 0.071 6.00 389.0
2458316.57799 19.372 0.078 5.77 365.0
2458316.62781 19.175 0.066 5.81 350.0
2458316.67678 19.065 0.064 5.98 335.0
2458316.73749 19.224 0.090 6.69 390.0
2458320.48440 19.077 0.060 5.48 460.0
2458320.53141 19.196 0.058 5.04 409.0
2458320.58756 19.287 0.070 5.62 386.0
2458320.64650 19.177 0.048 4.52 354.0
2458320.69527 19.075 0.045 4.40 329.0
2458320.74140 19.101 0.055 5.15 360.0
2458320.78788 19.054 0.051 5.07 358.0
2458321.51773 19.354 0.086 5.26 572.0
2458321.59731 19.188 0.085 5.46 906.0
2458328.46685 19.327 0.126 6.31 786.0
2458328.51582 19.322 0.091 5.69 587.0
2458328.56256 19.155 0.066 5.05 515.0
2458328.61154 19.189 0.081 6.27 507.0
2458328.65899 19.187 0.107 5.58 1110.0
2458328.70780 19.193 0.083 5.70 630.0
2458328.75446 19.131 0.090 5.72 767.0
2458329.48179 19.209 0.067 5.06 428.0
2458329.53755 19.232 0.082 6.03 508.0
2458329.58461 19.221 0.081 6.12 488.0
2458329.63407 19.258 0.075 5.15 493.0
2458329.68059 19.148 0.059 4.37 520.0
2458329.72662 19.208 0.062 4.10 571.0
2458329.77125 19.205 0.067 4.47 630.0
2458330.50143 19.067 0.051 4.83 491.0
2458330.55765 19.180 0.064 4.87 663.0
2458330.61551 19.147 0.082 5.51 933.0
2458331.49954 19.125 0.053 4.86 343.0
2458331.55628 19.255 0.051 4.40 304.0
2458331.61551 19.270 0.062 5.14 360.0
2458331.66349 19.089 0.050 4.73 380.0
2458332.46964 19.017 0.072 5.47 658.0
2458332.52521 19.225 0.059 4.81 378.0
2458332.58346 19.155 0.062 5.68 373.0
2458332.63372 19.345 0.074 5.21 429.0
2458332.68047 19.251 0.085 6.14 459.0
2458333.47225 19.273 0.078 5.10 562.0
2458333.52237 19.188 0.053 4.49 409.0
2458333.58045 19.251 0.059 5.37 345.0
2458333.64026 19.209 0.046 4.00 322.0
2458333.68806 19.191 0.053 4.56 346.0
2458334.52430 19.197 0.053 4.44 389.0
2458334.58232 19.057 0.057 5.71 386.0
2458334.64117 19.273 0.052 3.90 377.0
2458334.68832 19.186 0.057 4.76 364.0
2458335.55249 19.172 0.059 4.61 462.0
2458335.66406 19.253 0.065 5.51 321.0
2458335.72711 19.163 0.080 6.25 505.0
2458336.50426 19.223 0.067 5.28 366.0
2458336.56783 19.145 0.053 5.26 287.0
2458336.63048 19.170 0.048 4.24 271.0
2458336.67803 19.173 0.043 3.73 278.0
2458338.48641 19.140 0.067 5.83 417.0
2458338.53719 19.101 0.073 6.67 381.0
2458338.58852 19.298 0.073 6.10 338.0
2458338.64638 19.148 0.057 5.36 335.0
2458339.47112 19.281 0.086 5.80 549.0
2458339.52078 19.211 0.045 3.87 337.0
2458339.58472 19.146 0.040 3.84 280.0
2458339.64258 19.152 0.047 4.55 278.0
2458340.47082 19.289 0.096 5.81 636.0
2458340.53596 19.046 0.048 4.58 379.0
2458340.62783 19.152 0.045 3.98 332.0
2458340.72650 19.249 0.064 5.36 309.0
2458341.51104 19.180 0.054 4.37 372.0
2458341.56774 19.205 0.049 4.28 308.0
2458341.61777 19.169 0.044 3.89 280.0
2458341.73764 19.191 0.048 4.15 297.0
2458342.50703 19.165 0.056 4.71 330.0
2458342.58578 19.151 0.062 5.41 351.0
2458342.64974 19.196 0.065 5.37 346.0
2458343.52491 19.194 0.071 5.88 354.0
2458344.48803 19.078 0.068 5.50 430.0
2458344.60137 19.270 0.058 4.22 352.0
2458344.69695 19.195 0.056 4.36 344.0
2458345.47188 19.252 0.098 5.92 619.0
2458345.53687 19.182 0.070 5.28 414.0
2458345.59677 19.107 0.051 4.72 324.0
2458345.68760 19.157 0.045 3.97 308.0
2458346.47757 19.239 0.086 6.01 407.0
2458346.54015 19.215 0.054 4.89 297.0
2458346.60081 19.069 0.048 4.47 297.0
2458346.72140 19.176 0.048 4.08 285.0
2458347.48908 19.159 0.058 5.06 318.0
2458347.54125 19.141 0.055 5.59 304.0
2458347.60075 19.169 0.049 4.43 289.0
2458347.70474 19.172 0.047 4.01 298.0
2458348.56784 19.178 0.072 5.52 398.0
2458348.62478 19.249 0.063 4.35 375.0
2458349.57908 19.179 0.085 6.18 443.0
2458349.62964 19.101 0.089 7.43 388.0
2458353.50818 19.124 0.103 5.15 1207.0
2458353.56194 19.079 0.072 5.47 543.0
2458353.61056 19.232 0.083 5.38 587.0
2458355.47396 18.983 0.079 5.65 905.0
2458355.52376 19.034 0.067 5.48 501.0
2458355.62639 19.142 0.055 4.01 538.0
2458355.67306 19.053 0.065 5.00 588.0
2458356.49417 19.171 0.082 5.67 570.0
2458356.55244 19.280 0.067 4.26 530.0
2458356.67246 19.197 0.056 3.95 573.0
2458357.47830 19.230 0.092 6.14 590.0
2458357.53814 19.231 0.079 5.56 488.0
2458357.67076 19.139 0.061 4.11 547.0
2458358.49974 19.089 0.074 5.85 489.0
2458358.55847 19.163 0.067 4.87 488.0
2458358.64306 19.293 0.075 5.10 478.0
2458358.69426 19.167 0.080 5.79 582.0
2458359.51484 19.143 0.059 5.46 348.0
2458359.57327 19.264 0.062 4.38 435.0
2458359.66194 19.194 0.077 5.53 510.0
2458360.47820 19.290 0.100 6.30 497.0
2458360.55892 18.967 0.066 6.01 438.0
2458360.60595 19.289 0.085 5.65 468.0
2458360.67650 19.030 0.074 5.81 589.0
2458361.59593 19.208 0.090 7.20 355.0
2458363.50671 19.194 0.076 6.08 388.0
2458363.57918 19.169 0.057 5.37 344.0
2458363.66592 19.226 0.065 6.05 304.0
2458364.49681 19.143 0.057 5.09 404.0
2458364.56643 19.133 0.047 4.28 367.0
2458364.64003 19.182 0.045 4.34 339.0
2458366.47850 19.192 0.094 6.57 522.0
2458366.52832 19.219 0.053 4.28 335.0
2458366.66435 19.217 0.066 5.40 378.0
2458367.49796 19.213 0.087 6.57 377.0
2458367.56649 19.181 0.046 3.89 339.0
2458367.65584 19.047 0.042 4.32 338.0
2458368.50445 19.260 0.051 3.91 345.0
2458368.58799 19.248 0.046 3.33 378.0
2458368.65450 19.176 0.047 4.00 374.0
2458369.49701 19.101 0.059 5.12 381.0
2458369.59061 19.186 0.051 4.09 335.0
2458369.63857 19.205 0.057 4.60 372.0
2458370.61751 19.228 0.058 4.55 359.0
2458370.66413 19.159 0.060 4.76 446.0
2458372.47951 19.245 0.091 5.38 654.0
2458372.63020 19.162 0.067 5.43 413.0
2458375.49776 19.407 0.102 6.58 403.0
2458376.52839 19.015 0.079 7.27 395.0
2458376.59329 18.952 0.069 6.54 421.0
2458376.63778 19.168 0.099 7.79 423.0
2458377.51562 19.075 0.084 5.74 864.0
2458377.55551 19.066 0.091 6.01 900.0
2458377.59916 19.380 0.126 5.92 998.0
2458381.50352 19.018 0.099 5.47 1258.0
2458381.54546 18.888 0.087 4.65 1526.0
2458382.49727 19.196 0.052 3.61 515.0
2458383.51264 19.229 0.066 4.21 569.0
2458384.51023 19.255 0.081 4.88 551.0
2458385.53319 19.054 0.040 3.16 535.0
2458385.62406 19.180 0.058 4.38 646.0
2458387.49887 19.208 0.071 5.10 474.0
2458390.51328 19.204 0.070 5.04 448.0
2458392.50341 19.133 0.086 6.99 398.0
2458393.49986 19.067 0.079 6.61 380.0
2458398.51416 19.178 0.065 5.29 383.0
2458399.48331 19.232 0.137 7.78 706.0
2458404.52233 19.108 0.081 6.30 496.0
2458409.50607 19.393 0.137 7.58 629.0
2458409.55344 19.173 0.098 6.49 675.0
2458413.54356 18.921 0.073 5.19 816.0
2458414.53934 19.042 0.092 6.16 735.0
2458415.50909 19.325 0.139 6.91 789.0
2458416.52075 19.217 0.131 7.28 801.0
2458418.51250 19.334 0.117 6.50 584.0
2458419.50873 19.135 0.071 5.20 549.0
2458424.50072 19.164 0.130 6.64 1056.0
2458425.51607 19.199 0.082 5.69 519.0
2458521.87056 19.136 0.054 4.84 427.0
2458522.86293 19.120 0.054 5.08 433.0
2458524.88501 19.220 0.081 5.65 648.0
2458526.85876 19.127 0.069 6.33 379.0
2458529.86680 19.064 0.067 6.39 412.0
2458531.85694 19.140 0.069 5.99 415.0
2458532.85592 19.056 0.076 6.23 620.0
2458533.87995 19.100 0.057 5.03 603.0
2458534.86807 19.288 0.080 5.47 590.0
2458535.84799 19.397 0.120 6.89 594.0
2458536.83329 19.282 0.075 4.99 606.0
2458536.87489 19.165 0.070 5.42 546.0
2458537.86440 19.170 0.078 6.70 447.0
2458539.83082 19.234 0.082 6.09 520.0
2458539.87212 19.132 0.056 4.84 458.0
2458540.84509 19.269 0.078 4.39 762.0
2458540.89357 19.333 0.082 4.47 754.0
2458544.83482 19.200 0.049 4.80 336.0
2458544.88273 19.143 0.048 5.14 320.0
2458546.85057 19.300 0.054 4.53 342.0
2458546.89843 19.181 0.051 4.65 381.0
2458547.85294 19.215 0.066 6.14 339.0
2458547.89773 19.286 0.059 4.72 368.0
2458548.86038 19.137 0.046 4.04 396.0
2458549.79989 19.083 0.067 6.73 353.0
2458549.83857 19.237 0.065 5.94 340.0
2458549.89475 19.236 0.058 4.67 374.0
2458550.84986 19.262 0.047 4.09 333.0
2458550.88941 19.142 0.048 4.84 343.0
2458551.84752 19.050 0.053 5.46 326.0
2458552.86699 19.394 0.083 6.37 327.0
2458552.90642 19.107 0.090 7.04 536.0
2458553.82815 19.290 0.081 6.48 354.0
2458553.89692 19.446 0.105 7.35 372.0
2458554.80641 19.157 0.062 5.68 345.0
2458554.84846 19.274 0.060 4.97 365.0
2458554.88832 19.201 0.058 5.59 327.0
2458555.80794 19.175 0.060 5.43 386.0
2458555.84783 19.084 0.051 5.55 338.0
2458555.89556 19.145 0.044 4.28 339.0
2458556.80628 19.252 0.061 5.16 375.0
2458556.84685 19.031 0.051 5.33 336.0
2458556.89517 19.180 0.057 5.41 346.0
2458557.81111 19.036 0.062 5.84 361.0
2458557.85098 19.107 0.049 5.00 329.0
2458557.89330 19.147 0.055 5.10 333.0
2458558.80262 19.194 0.058 5.22 375.0
2458558.84211 19.209 0.055 4.96 356.0
2458558.88176 19.080 0.051 5.49 316.0
2458559.78492 19.097 0.057 5.34 368.0
2458559.82476 19.162 0.051 4.50 338.0
2458559.86503 19.140 0.041 3.86 324.0
2458559.91316 19.102 0.057 4.44 605.0
2458560.81057 19.165 0.046 3.81 439.0
2458560.85003 19.124 0.042 3.97 338.0
2458560.89770 19.139 0.046 4.26 353.0
2458561.78997 19.229 0.066 4.82 525.0
2458561.82965 19.066 0.052 4.66 478.0
2458561.87987 19.145 0.065 5.58 373.0
2458562.77492 19.171 0.081 6.00 629.0
2458562.81588 19.206 0.101 6.79 610.0
2458562.87126 19.048 0.064 5.36 536.0
2458562.91158 19.087 0.074 5.61 643.0
2458563.79325 19.192 0.075 5.64 678.0
2458563.84964 19.160 0.055 3.86 582.0
2458563.88946 19.174 0.058 4.13 575.0
2458564.76355 19.296 0.084 5.45 637.0
2458564.82310 19.174 0.054 4.04 522.0
2458564.86436 19.171 0.050 3.71 515.0
2458564.90487 19.187 0.053 3.98 531.0
2458565.80215 19.372 0.079 4.86 586.0
2458565.84914 19.129 0.061 4.96 548.0
2458565.90172 19.228 0.058 4.12 510.0
2458566.78648 19.109 0.057 4.46 582.0
2458566.83462 19.182 0.055 4.17 542.0
2458566.88420 19.120 0.049 4.05 480.0
2458567.77756 19.215 0.075 4.54 978.0
2458567.84551 19.249 0.079 5.52 540.0
2458567.88402 19.199 0.068 5.16 513.0
2458573.89468 19.330 0.080 5.93 365.0
2458574.72882 19.378 0.091 7.13 339.0
2458574.84429 19.421 0.102 7.14 323.0
2458574.88391 19.202 0.055 5.02 310.0
2458575.72600 19.455 0.116 7.81 362.0
2458575.76680 19.272 0.072 6.04 352.0
2458575.81390 19.101 0.063 6.26 328.0
2458575.85271 19.105 0.060 5.70 334.0
2458575.89217 19.136 0.057 5.19 342.0
2458576.77874 19.406 0.089 6.93 343.0
2458576.81625 19.126 0.060 6.08 334.0
2458576.85499 19.215 0.072 6.54 319.0
2458576.90362 19.328 0.097 7.48 312.0
2458577.72878 19.410 0.089 6.38 406.0
2458577.81093 19.266 0.102 7.58 400.0
2458577.88788 19.203 0.080 6.44 423.0
2458578.71150 19.491 0.090 6.03 388.0
2458578.74925 19.153 0.056 5.05 375.0
2458578.79675 19.181 0.053 4.79 367.0
2458578.84711 19.201 0.057 4.99 391.0
2458578.89403 19.106 0.049 4.90 339.0
2458579.72350 19.104 0.064 5.80 439.0
2458579.76334 19.301 0.070 5.61 427.0
2458579.79958 19.172 0.064 5.47 419.0
2458579.85546 19.094 0.060 4.90 447.0
2458579.90047 19.081 0.056 4.71 455.0
2458580.72302 19.134 0.068 6.20 418.0
2458580.76180 19.195 0.063 5.78 369.0
2458580.81726 19.094 0.055 5.64 350.0
2458580.85288 19.170 0.061 5.11 386.0
2458580.91083 19.139 0.048 3.93 391.0
2458581.73557 19.129 0.052 5.59 370.0
2458581.78368 19.314 0.066 6.02 343.0
2458581.83683 19.069 0.047 4.59 346.0
2458581.91010 19.102 0.055 4.09 446.0
2458582.72690 19.155 0.061 6.86 333.0
2458582.77006 19.157 0.060 5.92 339.0
2458582.82104 19.051 0.052 5.75 355.0
2458582.89116 19.173 0.050 4.01 377.0
2458583.70213 19.233 0.066 5.78 406.0
2458583.75304 19.191 0.057 5.76 338.0
2458583.80048 19.206 0.055 5.71 341.0
2458583.85074 19.214 0.050 4.47 360.0
2458584.69691 19.040 0.057 5.66 413.0
2458584.74761 19.239 0.058 5.78 335.0
2458584.79599 19.273 0.052 4.85 320.0
2458584.89620 19.181 0.041 3.75 300.0
2458585.71147 19.141 0.062 6.33 371.0
2458585.75175 19.193 0.064 6.37 351.0
2458585.81048 19.033 0.043 5.06 337.0
2458585.86920 19.174 0.046 3.88 344.0
2458585.92479 19.119 0.054 3.38 776.0
2458586.72896 19.230 0.061 6.15 335.0
2458586.78022 19.248 0.049 4.50 307.0
2458586.82558 19.210 0.051 4.80 304.0
2458586.90728 19.164 0.043 3.80 313.0
2458587.70235 19.130 0.071 6.54 450.0
2458587.74430 19.167 0.058 5.92 359.0
2458587.80500 19.103 0.048 4.81 345.0
2458587.87835 19.151 0.049 4.19 371.0
2458588.69547 19.054 0.058 5.79 475.0
2458588.74348 19.175 0.058 5.82 390.0
2458588.79813 19.061 0.042 4.51 313.0
2458588.85555 19.235 0.039 3.49 315.0
2458588.92950 19.279 0.073 4.05 832.0
2458589.71568 19.109 0.063 5.53 532.0
2458589.81948 19.161 0.054 4.36 408.0
2458589.88931 19.161 0.046 3.81 352.0
2458590.69067 19.098 0.065 5.60 650.0
2458590.74189 19.152 0.056 5.28 541.0
2458590.78979 19.110 0.043 3.90 473.0
2458590.84301 19.135 0.039 3.03 462.0
2458590.91810 19.184 0.052 3.81 431.0
2458591.72421 19.223 0.068 5.27 618.0
2458591.77259 19.036 0.055 5.04 569.0
2458591.83935 19.191 0.051 3.91 512.0
2458591.92428 19.189 0.066 4.49 596.0
2458592.80559 19.046 0.067 5.30 642.0
2458592.86622 19.123 0.071 5.29 664.0
2458592.89992 19.178 0.072 4.06 962.0
2458593.76179 19.083 0.076 5.56 797.0
2458593.80653 19.323 0.114 5.58 1232.0
2458593.89703 19.184 0.068 4.18 817.0
2458594.68900 19.233 0.077 5.02 789.0
2458594.72949 19.201 0.078 5.41 691.0
2458594.77847 19.261 0.075 5.54 584.0
2458594.84355 19.229 0.067 4.48 612.0
2458594.89488 19.145 0.070 5.05 691.0
2458595.73913 19.316 0.118 6.49 714.0
2458595.82773 19.121 0.092 5.98 895.0
2458595.90617 19.090 0.104 5.11 1494.0
2458599.67895 19.154 0.087 6.65 557.0
2458599.71621 19.239 0.074 5.74 451.0
2458599.75812 19.284 0.082 6.25 501.0
2458599.79771 19.211 0.065 5.89 388.0
2458599.86760 19.245 0.059 4.68 391.0
2458599.90645 19.080 0.048 4.41 399.0
2458600.66118 19.058 0.077 7.40 376.0
2458600.69903 19.258 0.062 5.28 357.0
2458600.75626 19.226 0.051 4.75 355.0
2458600.80738 19.193 0.052 4.84 358.0
2458600.87237 19.191 0.050 4.06 434.0
2458600.91857 19.198 0.052 3.97 442.0
2458601.67963 19.124 0.050 5.51 347.0
2458601.72522 19.077 0.049 5.20 379.0
2458601.78159 19.248 0.052 4.55 380.0
2458601.86135 19.071 0.038 3.25 392.0
2458601.93504 19.243 0.095 3.64 1646.0
2458602.69063 19.201 0.047 4.85 318.0
2458602.73355 19.192 0.047 4.35 318.0
2458602.79071 19.246 0.050 4.32 342.0
2458602.87125 19.216 0.051 3.87 363.0
2458602.91794 19.263 0.053 3.98 385.0
2458603.67312 19.281 0.071 6.20 366.0
2458603.71576 19.223 0.056 5.24 321.0
2458603.77149 19.165 0.044 4.11 301.0
2458603.84171 19.140 0.042 3.80 334.0
2458603.89207 19.185 0.055 4.53 396.0
2458604.68657 19.134 0.072 6.78 327.0
2458604.76032 19.253 0.073 5.99 339.0
2458604.80618 19.156 0.066 5.95 331.0
2458604.86587 19.251 0.063 4.99 354.0
2458604.92355 19.044 0.052 4.49 393.0
2458605.68248 19.355 0.082 7.49 345.0
2458605.73004 19.145 0.054 5.30 357.0
2458605.78234 19.302 0.083 6.50 364.0
2458605.86845 19.167 0.055 4.26 372.0
2458605.91595 19.159 0.052 4.27 384.0
2458606.67915 19.318 0.055 4.17 349.0
2458606.72288 19.215 0.049 3.93 325.0
2458606.78396 19.232 0.038 3.19 320.0
2458606.84165 19.134 0.039 3.29 349.0
2458606.88943 19.182 0.044 3.56 373.0
2458607.65611 19.190 0.065 5.99 379.0
2458607.69401 19.232 0.058 5.56 360.0
2458607.75733 19.185 0.048 4.39 331.0
2458607.80373 19.186 0.044 3.53 368.0
2458608.64921 19.409 0.091 5.68 613.0
2458608.69007 19.235 0.075 6.18 475.0
2458608.79600 19.291 0.047 3.53 395.0
2458608.86226 19.145 0.048 4.10 402.0
2458608.90942 19.095 0.053 4.56 433.0
2458611.84601 19.051 0.051 5.09 350.0
2458612.75619 19.110 0.067 6.20 318.0
2458612.80806 19.226 0.077 6.12 352.0
2458612.86880 19.111 0.067 5.55 396.0
2458612.91535 19.218 0.069 5.17 424.0
2458613.64544 19.236 0.090 6.89 411.0
2458613.68978 19.240 0.064 5.37 345.0
2458613.73658 19.229 0.055 4.62 351.0
2458613.79670 19.189 0.043 3.55 348.0
2458614.63690 19.110 0.078 6.26 489.0
2458614.67941 19.078 0.077 6.85 406.0
2458614.72500 19.240 0.076 5.76 412.0
2458614.78850 19.080 0.054 4.53 419.0
2458614.85216 19.185 0.063 4.71 458.0
2458614.89884 19.204 0.071 4.89 511.0
2458615.64598 19.337 0.082 6.47 373.0
2458615.71717 19.240 0.080 6.49 403.0
2458615.76866 19.143 0.048 4.36 330.0
2458615.82607 19.086 0.045 4.04 328.0
2458616.63459 19.142 0.059 5.38 465.0
2458616.67921 19.204 0.058 4.90 413.0
2458616.78272 19.145 0.036 3.12 360.0
2458617.63824 19.197 0.065 5.35 485.0
2458617.67586 19.234 0.061 4.97 436.0
2458617.72158 19.199 0.047 4.05 400.0
2458617.78309 19.178 0.040 3.30 365.0
2458618.63717 19.153 0.069 6.18 494.0
2458618.68780 19.159 0.077 6.32 490.0
2458618.73493 19.194 0.058 4.60 466.0
2458618.79399 19.184 0.060 4.79 490.0
2458618.85594 19.178 0.063 4.78 501.0
2458619.64066 19.169 0.083 6.57 523.0
2458619.68117 19.227 0.077 5.97 466.0
2458619.72785 18.997 0.068 6.30 445.0
2458619.77448 19.330 0.079 5.54 419.0
2458620.64917 19.102 0.080 6.56 525.0
2458620.69295 19.107 0.069 5.83 489.0
2458620.73953 19.170 0.054 4.30 457.0
2458620.80840 19.153 0.064 4.55 495.0
2458620.93806 19.322 0.100 5.59 745.0
2458621.70049 19.199 0.099 6.33 684.0
2458621.79929 19.213 0.081 4.87 708.0
2458621.84822 19.234 0.077 4.48 739.0
2458626.64075 19.360 0.109 6.44 578.0
2458626.67784 19.280 0.115 7.27 557.0
2458626.71573 19.053 0.094 6.60 764.0
2458626.75612 19.051 0.074 4.96 834.0
2458626.80189 19.181 0.075 5.81 548.0
2458626.84337 19.079 0.075 5.60 601.0
2458626.88120 19.140 0.071 4.94 637.0
2458626.91853 19.175 0.069 4.62 656.0
2458627.61802 19.256 0.070 5.96 507.0
2458627.68221 19.170 0.047 4.71 344.0
2458627.72046 19.137 0.042 3.99 340.0
2458627.81215 19.220 0.056 4.63 445.0
2458635.66526 19.173 0.056 5.37 313.0
2458635.70899 19.234 0.054 4.88 305.0
2458635.76719 19.017 0.044 4.41 348.0
2458635.82569 19.140 0.051 4.30 388.0
2458635.87126 19.138 0.068 5.80 438.0
2458635.91708 19.349 0.100 6.63 492.0
2458636.57939 19.077 0.063 6.04 372.0
2458636.62179 19.235 0.067 5.58 362.0
2458636.66825 19.152 0.051 4.64 326.0
2458636.72343 19.080 0.044 4.16 320.0
2458636.78173 19.154 0.043 4.05 304.0
2458636.82856 19.176 0.048 4.20 327.0
2458636.87404 19.183 0.049 4.01 382.0
2458636.92009 19.073 0.054 4.95 477.0
2458637.58718 19.192 0.059 5.73 368.0
2458637.62721 19.239 0.064 6.10 298.0
2458637.68226 19.173 0.045 4.29 309.0
2458637.73868 19.199 0.042 3.59 326.0
2458637.79040 19.096 0.043 3.73 377.0
2458637.83693 19.106 0.043 3.60 412.0
2458637.88300 19.157 0.050 3.89 446.0
2458638.65975 19.213 0.047 4.86 326.0
2458638.70944 19.168 0.047 4.72 298.0
2458638.82326 19.115 0.039 3.66 333.0
2458638.86977 19.277 0.089 6.36 453.0
2458639.67832 19.093 0.039 3.88 340.0
2458639.76398 19.186 0.047 3.87 336.0
2458639.84176 19.102 0.043 3.92 429.0
2458640.57395 19.190 0.072 6.45 400.0
2458640.61387 19.231 0.067 6.22 345.0
2458640.66048 19.164 0.052 5.04 337.0
2458640.71789 19.067 0.046 4.55 346.0
2458640.78317 19.162 0.054 4.34 354.0
2458640.82970 19.171 0.058 4.60 394.0
2458640.91644 19.109 0.071 5.88 482.0
2458641.63041 19.098 0.050 4.75 442.0
2458641.68120 19.181 0.046 4.16 349.0
2458642.56639 19.207 0.077 6.30 535.0
2458642.72908 19.130 0.043 3.56 402.0
2458642.81927 19.194 0.066 5.03 419.0
2458642.86741 19.139 0.069 5.32 475.0
2458642.90950 19.231 0.079 5.24 574.0
2458643.58626 19.167 0.054 5.57 374.0
2458643.63397 19.131 0.047 4.64 346.0
2458643.68986 19.139 0.039 3.49 346.0
2458643.75019 19.174 0.047 4.18 346.0
2458643.79952 19.144 0.042 3.76 329.0
2458643.84599 19.098 0.042 3.72 372.0
2458643.89190 19.185 0.054 4.55 406.0
2458644.55947 19.163 0.073 5.99 448.0
2458644.59948 19.249 0.074 5.94 417.0
2458644.65461 19.139 0.051 4.75 342.0
2458644.71144 19.139 0.046 4.23 334.0
2458644.76347 19.286 0.063 4.89 378.0
2458644.81137 19.375 0.076 5.22 410.0
2458644.85822 19.182 0.053 4.21 407.0
2458644.90390 19.327 0.091 5.82 451.0
2458645.65139 19.153 0.052 4.69 354.0
2458646.58163 19.372 0.107 7.10 445.0
2458646.61921 19.389 0.108 7.19 390.0
2458646.66771 19.231 0.069 5.58 381.0
2458646.71505 19.082 0.069 6.30 381.0
2458646.76345 19.106 0.053 4.90 373.0
2458646.80549 19.118 0.057 5.21 360.0
2458646.85150 19.168 0.077 6.28 445.0
2458647.59225 19.100 0.074 6.10 518.0
2458647.62958 19.164 0.064 5.17 457.0
2458647.67595 19.070 0.064 5.61 461.0
2458647.72579 19.095 0.064 5.43 454.0
2458647.78166 19.194 0.077 5.80 466.0
2458647.82865 19.204 0.072 5.61 446.0
2458648.59116 19.028 0.085 7.02 615.0
2458648.63137 19.159 0.070 5.54 528.0
2458648.67714 19.042 0.075 6.05 514.0
2458648.73175 19.423 0.134 7.32 555.0
2458648.78360 19.188 0.071 5.16 536.0
2458648.83143 19.047 0.061 5.05 536.0
2458648.87743 19.213 0.077 5.92 481.0
2458649.58560 19.150 0.093 5.97 728.0
2458649.62242 19.320 0.129 7.10 672.0
2458649.68397 19.043 0.081 6.14 622.0
2458654.65219 19.209 0.063 4.11 926.0
2458655.62829 19.364 0.083 4.33 1150.0
2458655.71696 19.173 0.091 6.56 667.0
2458655.79168 18.963 0.066 4.68 996.0
2458656.64263 19.152 0.057 5.08 463.0
2458656.69378 19.200 0.052 4.54 382.0
2458656.75253 19.339 0.058 4.37 419.0
2458656.81409 19.203 0.064 5.16 438.0
2458657.54245 19.147 0.059 5.73 373.0
2458657.60567 19.197 0.056 5.02 318.0
2458657.65207 19.205 0.056 4.67 348.0
2458657.69960 19.098 0.052 4.61 335.0
2458657.75580 19.207 0.054 4.81 322.0
2458657.80552 19.207 0.048 4.08 335.0
2458658.56446 19.200 0.058 5.71 280.0
2458660.50833 19.165 0.077 6.52 386.0
2458660.54575 19.204 0.067 5.74 343.0
2458660.59212 19.214 0.064 5.82 299.0
2458660.65919 19.264 0.066 5.71 302.0
2458660.81678 19.085 0.047 4.39 424.0
2458660.86705 19.175 0.067 5.64 528.0
2458661.53958 19.233 0.075 6.62 389.0
2458661.60826 19.201 0.058 5.25 329.0
2458661.66926 19.257 0.054 4.79 314.0
2458662.55501 19.334 0.095 6.88 409.0
2458662.59816 19.214 0.082 6.68 393.0
2458662.64976 19.247 0.055 4.97 305.0
2458662.76676 19.325 0.076 5.98 367.0
2458662.82488 19.330 0.092 6.23 462.0
2458664.56504 19.098 0.043 4.57 274.0
2458664.61223 19.130 0.045 4.98 254.0
2458664.65951 19.177 0.045 4.49 256.0
2458664.71027 19.132 0.041 3.94 258.0
2458664.76204 19.152 0.045 4.49 340.0
2458664.82299 19.116 0.047 4.82 426.0
2458665.58948 19.222 0.064 5.68 395.0
2458666.51836 19.345 0.119 7.56 540.0
2458666.56166 19.165 0.071 5.95 427.0
2458666.60799 19.117 0.067 6.18 349.0
2458666.78560 18.981 0.064 6.80 315.0
2458667.48892 19.235 0.101 7.00 580.0
2458667.54361 19.426 0.099 6.09 480.0
2458667.59006 19.222 0.127 9.36 377.0
2458667.63746 19.075 0.052 4.69 374.0
2458667.73684 19.102 0.043 4.19 304.0
2458667.78402 19.209 0.063 5.16 345.0
2458667.82981 19.091 0.056 5.40 366.0
2458668.49461 19.087 0.085 7.65 419.0
2458668.56794 19.125 0.065 6.51 319.0
2458668.62620 19.158 0.057 5.38 275.0
2458668.68604 19.166 0.041 4.06 263.0
2458668.73583 19.163 0.044 4.32 264.0
2458668.78263 19.210 0.053 4.72 289.0
2458668.83095 19.058 0.051 5.30 328.0
2458669.48634 18.965 0.076 7.47 470.0
2458669.52074 19.173 0.083 6.92 454.0
2458669.56883 19.148 0.061 5.70 382.0
2458669.61652 19.293 0.057 4.67 368.0
2458669.68626 19.147 0.055 4.98 346.0
2458669.73584 19.065 0.043 4.54 304.0
2458669.78381 19.211 0.042 3.50 346.0
2458669.83022 19.203 0.051 4.33 378.0
2458670.48677 19.292 0.080 6.74 444.0
2458670.52107 19.222 0.059 5.82 387.0
2458670.56693 19.172 0.042 4.38 344.0
2458670.62330 19.218 0.044 4.07 290.0
2458670.68484 19.171 0.034 3.36 264.0
2458670.73351 19.048 0.039 4.20 273.0
2458670.78137 19.217 0.046 4.29 306.0
2458671.65537 19.157 0.083 7.55 300.0
2458673.56993 19.191 0.065 5.47 408.0
2458673.61487 19.123 0.047 4.21 353.0
2458673.68124 19.169 0.050 4.75 329.0
2458673.72596 19.090 0.045 4.44 312.0
2458673.82126 19.310 0.089 6.75 407.0
2458673.83939 19.050 0.075 7.08 452.0
2458674.59076 19.148 0.068 6.30 327.0
2458674.63694 19.073 0.053 5.25 312.0
2458674.69016 19.179 0.051 4.53 334.0
2458674.74194 19.141 0.056 5.37 322.0
2458674.79127 19.282 0.080 6.09 412.0
2458674.83563 19.127 0.095 7.51 542.0
2458675.64186 19.204 0.046 3.35 490.0
2458675.68164 19.121 0.046 4.03 406.0
2458675.72069 19.107 0.053 4.60 423.0
2458675.75762 19.189 0.048 4.04 401.0
2458675.80367 19.098 0.048 4.42 346.0
2458676.47015 19.387 0.127 6.49 842.0
2458676.50842 19.184 0.073 5.59 534.0
2458676.54767 19.272 0.072 5.25 496.0
2458676.59476 19.139 0.052 4.28 438.0
2458676.64984 19.150 0.056 4.52 438.0
2458676.68353 19.106 0.053 4.48 443.0
2458676.72077 19.119 0.056 4.52 487.0
2458676.75897 19.280 0.062 4.34 512.0
2458676.79704 19.169 0.064 4.77 572.0
2458676.83356 19.160 0.086 6.49 511.0
2458677.77863 19.351 0.075 4.34 662.0
2458681.47534 19.011 0.083 5.77 935.0
2458681.51384 19.272 0.109 5.80 934.0
2458681.63341 19.064 0.074 5.05 779.0
2458681.67253 19.440 0.106 5.08 799.0
2458681.73523 19.020 0.078 5.29 870.0
2458681.78982 18.931 0.088 6.14 1039.0
2458682.46917 19.252 0.096 6.06 881.0
2458682.50903 19.254 0.079 5.50 611.0
2458682.65253 19.039 0.055 4.13 542.0
2458682.70737 19.166 0.062 4.29 566.0
2458682.76017 19.167 0.082 5.73 626.0
2458682.79867 19.081 0.100 6.97 700.0
2458683.47057 19.165 0.087 6.72 546.0
2458683.51306 19.134 0.080 6.17 519.0
2458683.55596 19.090 0.068 5.75 477.0
2458683.59546 19.177 0.053 4.37 442.0
2458683.64496 19.213 0.067 5.24 430.0
2458683.68729 19.181 0.074 5.54 453.0
2458683.73107 19.125 0.061 4.92 462.0
2458683.77193 19.170 0.077 5.53 513.0
2458684.47782 19.195 0.063 5.65 407.0
2458684.51842 19.225 0.061 4.90 386.0
2458684.55669 19.253 0.092 6.03 615.0
2458684.60021 19.174 0.046 3.76 388.0
2458684.64518 19.152 0.057 4.59 460.0
2458684.70318 19.106 0.051 4.40 401.0
2458684.75212 19.090 0.055 4.76 416.0
2458684.79309 19.131 0.054 4.39 460.0
2458685.47847 19.130 0.061 5.52 510.0
2458685.53063 19.221 0.062 5.35 405.0
2458685.68991 19.044 0.050 4.98 423.0
2458688.53168 19.173 0.089 7.18 377.0
2458688.67192 19.137 0.059 5.72 287.0
2458688.75557 19.066 0.077 7.43 345.0
2458689.47362 19.316 0.113 7.38 482.0
2458689.52087 19.229 0.085 6.79 376.0
2458689.55955 19.289 0.082 5.64 342.0
2458689.66621 19.081 0.061 6.22 308.0
2458689.71819 19.104 0.056 5.62 305.0
2458689.76342 19.287 0.097 7.26 373.0
2458689.79956 19.377 0.106 6.62 468.0
2458690.47139 19.055 0.082 6.49 543.0
2458690.50945 19.232 0.086 6.60 397.0
2458690.55608 19.101 0.071 6.42 362.0
2458690.66050 19.171 0.044 3.88 312.0
2458690.70655 19.341 0.049 4.02 302.0
2458690.74466 19.161 0.064 6.05 321.0
2458690.78900 19.190 0.068 6.33 378.0
2458691.46924 19.044 0.062 4.71 673.0
2458691.50738 19.226 0.043 4.00 331.0
2458691.54537 19.183 0.037 3.66 283.0
2458691.58487 19.206 0.044 4.23 276.0
2458691.63154 19.191 0.039 3.67 292.0
2458691.68204 19.032 0.044 4.25 364.0
2458691.73295 19.152 0.056 4.97 357.0
2458691.77091 19.070 0.068 6.25 367.0
2458692.46957 19.293 0.091 5.44 694.0
2458692.51038 19.116 0.053 4.81 407.0
2458692.66911 19.128 0.048 4.21 402.0
2458692.71064 19.248 0.054 4.24 338.0
2458692.75666 19.137 0.075 6.46 421.0
2458693.47019 19.134 0.099 7.04 589.0
2458693.51134 18.977 0.064 6.56 332.0
2458693.68575 19.271 0.063 5.34 309.0
2458693.75137 19.228 0.068 5.84 369.0
2458694.47394 19.286 0.073 5.51 444.0
2458694.51415 19.072 0.049 4.78 358.0
2458694.63241 19.199 0.046 4.25 294.0
2458694.67076 19.056 0.035 3.46 279.0
2458694.76220 19.060 0.045 4.41 342.0
2458695.47371 19.246 0.062 5.12 460.0
2458695.51247 19.074 0.049 5.01 335.0
2458695.59703 19.088 0.037 3.72 296.0
2458695.65376 19.146 0.039 3.92 268.0
2458695.70023 19.079 0.046 4.83 280.0
2458697.54225 19.309 0.092 6.83 345.0
2458697.58558 19.273 0.088 6.38 337.0
2458697.71573 19.152 0.072 6.36 302.0
2458698.47346 19.194 0.063 5.36 423.0
2458698.51164 19.208 0.057 5.29 313.0
2458698.60580 19.148 0.041 4.10 275.0
2458698.64842 19.132 0.042 3.99 269.0
2458698.69223 19.095 0.044 4.10 288.0
2458698.74283 19.045 0.044 4.05 321.0
2458699.47626 19.019 0.054 4.37 522.0
2458699.51548 19.132 0.064 5.78 366.0
2458699.57098 19.239 0.041 3.67 289.0
2458699.62064 19.117 0.041 4.01 277.0
2458699.66425 19.077 0.040 4.02 296.0
2458699.70256 19.117 0.044 3.77 335.0
2458699.74785 19.063 0.041 3.84 315.0
2458700.47544 19.128 0.052 4.53 457.0
2458700.57536 19.187 0.046 4.10 321.0
2458700.61548 19.280 0.055 4.17 338.0
2458700.66984 19.237 0.060 4.88 367.0
2458700.71338 19.101 0.052 4.77 346.0
2458700.75273 19.150 0.060 5.08 405.0
2458701.47590 19.332 0.066 4.61 426.0
2458701.51605 19.201 0.055 4.53 340.0
2458701.57553 19.102 0.054 5.11 349.0
2458701.63264 19.160 0.056 4.55 379.0
2458701.67092 19.203 0.054 4.31 338.0
2458701.72216 19.236 0.063 5.04 365.0
2458701.76031 19.211 0.071 5.71 454.0
2458702.47538 19.246 0.088 6.31 441.0
2458702.51593 19.219 0.059 4.88 353.0
2458702.58952 19.219 0.060 5.18 323.0
2458702.62813 19.120 0.047 4.66 326.0
2458702.67583 19.086 0.048 4.77 344.0
2458702.73163 19.123 0.050 4.95 324.0
2458703.47655 19.260 0.093 6.24 522.0
2458703.51731 19.057 0.067 5.42 510.0
2458703.57562 19.175 0.066 5.41 417.0
2458704.63275 19.246 0.086 5.76 557.0
2458704.69617 19.209 0.091 6.35 523.0
2458708.58276 19.273 0.054 3.53 590.0
2458708.61233 19.157 0.052 3.79 596.0
2458708.71210 19.462 0.128 4.06 1813.0
2458709.53375 19.124 0.049 3.10 884.0
2458710.47549 19.235 0.072 4.64 644.0
2458710.51636 19.176 0.070 4.67 691.0
2458711.47449 19.149 0.082 5.05 850.0
2458711.51437 19.212 0.064 4.12 648.0
2458711.58737 19.104 0.082 5.42 721.0
2458711.62682 19.338 0.088 5.34 594.0
2458711.66779 19.156 0.083 5.70 661.0
2458711.71138 19.099 0.112 6.88 867.0
2458712.49098 19.394 0.105 6.84 397.0
2458712.53122 19.201 0.079 6.12 410.0
2458713.47350 19.177 0.082 5.79 553.0
2458713.64072 19.177 0.068 5.51 403.0
2458713.68151 19.023 0.061 5.54 439.0
2458713.71983 19.175 0.074 5.85 472.0
2458714.47797 19.172 0.073 6.10 397.0
2458715.49350 19.243 0.060 5.00 346.0
2458715.53717 19.184 0.069 6.25 313.0
2458716.48196 19.125 0.047 4.54 345.0
2458716.53276 19.161 0.039 3.59 307.0
2458717.47506 19.108 0.092 6.35 546.0
2458718.48296 19.229 0.053 4.30 373.0
2458719.47429 19.217 0.106 6.98 623.0
2458721.48401 19.064 0.045 4.75 333.0
2458721.52709 19.225 0.055 5.01 306.0
2458722.47633 19.162 0.060 4.67 531.0
2458722.58173 19.076 0.040 4.04 292.0
2458722.62879 19.206 0.064 5.79 278.0
2458722.67918 19.281 0.091 7.29 316.0
2458723.48031 19.095 0.056 4.93 444.0
2458723.53223 19.194 0.052 4.52 375.0
2458723.58465 19.130 0.054 4.62 387.0
2458723.62489 19.138 0.058 5.16 374.0
2458723.66352 19.023 0.050 5.21 358.0
2458723.70190 19.184 0.070 6.17 400.0
2458724.47693 19.223 0.063 4.67 508.0
2458724.53008 19.170 0.056 4.80 323.0
2458724.58350 19.254 0.056 5.05 302.0
2458724.62536 19.206 0.052 4.63 311.0
2458724.66522 19.168 0.053 5.10 330.0
2458725.48198 19.196 0.071 5.68 419.0
2458725.57539 19.145 0.053 4.93 313.0
2458725.62103 19.145 0.052 4.81 311.0
2458725.66260 19.187 0.053 5.17 315.0
2458726.47631 19.260 0.103 6.83 552.0
2458726.52116 19.141 0.061 5.73 297.0
2458726.56577 19.320 0.067 5.43 310.0
2458726.61917 19.081 0.050 4.79 285.0
2458726.65828 19.221 0.054 4.75 280.0
2458727.50468 19.189 0.087 6.88 356.0
2458727.55870 19.175 0.071 5.80 367.0
2458727.59484 19.163 0.068 5.29 395.0
2458727.63998 19.063 0.064 5.60 403.0
2458727.68464 19.225 0.086 6.75 409.0
2458728.48388 19.232 0.103 7.00 484.0
2458728.52696 19.169 0.076 6.15 394.0
2458728.57816 19.226 0.063 5.19 364.0
2458728.62115 19.153 0.055 4.63 345.0
2458728.65960 19.284 0.059 4.36 352.0
2458729.47612 19.225 0.078 5.37 510.0
2458729.52279 19.292 0.068 5.57 310.0
2458729.56544 19.221 0.059 4.82 340.0
2458729.61021 19.176 0.054 4.56 365.0
2458729.65837 19.101 0.056 5.30 353.0
2458730.47911 19.185 0.073 6.02 389.0
2458730.52343 19.154 0.072 6.59 321.0
2458730.56693 19.208 0.071 6.15 346.0
2458730.60679 19.030 0.054 5.40 326.0
2458730.64531 19.216 0.065 5.77 322.0
2458730.68227 19.046 0.069 6.60 347.0
2458731.51194 19.401 0.110 7.46 365.0
2458731.58233 19.230 0.077 6.31 364.0
2458731.62529 19.129 0.070 6.26 376.0
2458736.59190 19.074 0.093 7.16 562.0
2458736.63627 19.146 0.085 6.07 648.0
2458737.60398 19.344 0.119 6.78 604.0
2458737.64336 19.370 0.118 6.60 656.0
2458738.48720 19.091 0.073 5.66 564.0
2458738.53372 19.114 0.072 5.47 564.0
2458738.57410 19.091 0.078 5.72 603.0
2458738.61234 19.291 0.116 6.61 674.0
2458739.48756 19.136 0.077 5.75 568.0
2458739.52850 19.266 0.082 5.39 524.0
2458739.62316 19.218 0.090 6.07 591.0
2458740.48186 19.147 0.099 6.97 592.0
2458740.53213 19.205 0.092 6.56 516.0
2458740.57072 19.048 0.098 7.44 538.0
2458740.60824 19.346 0.110 6.77 574.0
2458741.48223 19.388 0.106 6.23 567.0
2458741.52815 19.107 0.083 6.78 455.0
2458741.56992 19.191 0.073 5.72 476.0
2458741.62436 19.170 0.098 7.03 536.0
2458742.48158 19.314 0.114 7.12 535.0
2458742.52989 19.140 0.073 5.95 480.0
2458742.56993 19.153 0.074 5.70 491.0
2458742.62338 19.221 0.087 6.22 526.0
2458747.48135 19.271 0.109 6.57 678.0
2458747.50003 19.042 0.064 6.34 329.0
2458747.52853 19.139 0.066 6.16 312.0
2458747.56728 19.122 0.068 6.23 329.0
2458747.58193 19.151 0.068 6.36 317.0
2458748.48361 19.203 0.074 5.41 556.0
2458748.49763 19.176 0.060 5.16 388.0
2458750.53817 19.261 0.070 5.21 405.0
2458750.55214 19.082 0.062 5.50 391.0
2458750.56605 19.096 0.057 5.18 375.0
2458752.48463 19.133 0.059 4.33 621.0
2458753.49719 19.320 0.073 5.30 405.0
2458753.54167 19.221 0.072 5.83 372.0
2458754.48630 19.182 0.069 5.20 547.0
2458755.48391 19.073 0.051 3.83 596.0
2458757.49208 19.280 0.082 6.36 390.0
2458757.53540 19.225 0.087 6.71 381.0
2458757.55564 19.179 0.087 7.13 367.0
2458757.59994 19.132 0.078 6.52 371.0
2458759.52008 19.248 0.099 6.93 419.0
2458759.55150 19.338 0.126 7.42 535.0
2458759.57142 19.182 0.090 6.68 440.0
2458763.50875 19.080 0.074 5.63 604.0
2458763.52280 19.008 0.060 4.83 601.0
2458763.53666 19.226 0.080 5.07 596.0
2458763.58473 19.104 0.088 6.25 642.0
2458764.53058 19.205 0.074 5.74 481.0
2458764.57432 19.183 0.093 6.78 532.0
2458766.48711 19.031 0.085 6.05 752.0
2458766.53626 19.451 0.120 5.70 800.0
2458766.56786 19.227 0.115 6.82 941.0
2458768.48666 19.180 0.129 7.82 683.0
2458768.54223 19.223 0.089 5.57 601.0
2458768.56021 19.126 0.091 6.13 646.0
2458773.49594 19.288 0.109 6.78 571.0
2458773.54776 19.283 0.121 7.72 544.0
2458774.50020 19.167 0.098 7.06 499.0
2458774.57412 19.004 0.071 6.46 523.0
2458776.53605 19.051 0.094 7.50 574.0
2458781.50026 19.170 0.075 5.35 526.0
2458781.54314 19.128 0.067 4.91 515.0
2458781.55625 19.177 0.083 5.88 510.0
2458782.53268 19.229 0.078 5.36 545.0
2458783.49761 19.216 0.085 5.20 684.0
2458783.54115 19.033 0.067 5.83 491.0
2458784.51326 18.942 0.073 6.99 472.0
2458785.50538 19.455 0.160 7.83 707.0
2458786.50372 19.378 0.139 7.13 659.0
2458787.51017 19.325 0.100 5.57 754.0
2458886.88410 19.141 0.081 5.92 708.0
2458889.87805 19.213 0.076 4.97 767.0
2458890.88119 19.337 0.084 5.05 715.0
2458892.87670 19.184 0.064 4.74 658.0
2458893.86476 19.106 0.066 5.62 531.0
2458893.88988 19.426 0.106 5.23 920.0
2458899.86377 19.137 0.055 5.28 362.0
2458900.83602 19.238 0.069 5.90 378.0
2458900.88004 19.316 0.064 5.45 334.0
2458901.84071 19.133 0.054 5.24 340.0
2458901.87686 19.187 0.052 5.12 318.0
2458902.82734 19.365 0.072 5.80 357.0
2458902.88521 19.160 0.049 4.56 328.0
2458903.82779 19.074 0.067 6.58 411.0
2458903.88192 19.220 0.057 4.87 360.0
2458904.82752 19.222 0.065 6.33 323.0
2458904.87336 19.245 0.054 5.14 296.0
2458905.84293 19.138 0.050 5.20 332.0
2458905.87795 19.191 0.053 5.22 319.0
2458906.85976 19.098 0.049 5.16 338.0
2458907.83033 19.205 0.062 5.58 397.0
2458907.86627 19.106 0.048 4.64 379.0
2458907.90099 19.214 0.071 4.24 921.0
2458908.86866 18.961 0.052 5.91 350.0
2458909.82774 19.297 0.068 6.02 335.0
2458909.86185 19.221 0.048 4.77 305.0
2458909.89502 19.149 0.048 4.28 446.0
2458910.83001 19.075 0.061 6.27 342.0
2458911.80897 19.179 0.071 6.60 377.0
2458911.84033 19.097 0.055 5.76 342.0
2458911.87307 19.180 0.057 5.48 334.0
2458912.80204 19.246 0.073 6.57 378.0
2458912.83452 19.273 0.061 5.37 356.0
2458912.86753 19.298 0.059 5.38 312.0
2458912.90127 19.357 0.085 5.06 666.0
2458913.81768 19.224 0.092 7.64 369.0
2458913.85109 19.009 0.054 5.89 339.0
2458913.88405 19.407 0.077 5.95 323.0
2458914.84698 19.230 0.055 5.02 356.0
2458914.87978 19.165 0.052 4.51 356.0
2458915.81602 19.139 0.068 5.96 456.0
2458915.84914 19.251 0.057 5.42 307.0
2458915.88248 19.162 0.051 4.97 315.0
2458916.79792 19.027 0.061 5.32 590.0
2458916.83101 19.074 0.058 5.06 511.0
2458916.86506 19.218 0.060 4.70 444.0
2458916.89976 19.121 0.087 4.65 1357.0
2458917.81099 19.437 0.102 5.82 725.0
2458917.84473 19.252 0.068 4.34 610.0
2458917.88029 19.046 0.058 4.51 600.0
2458918.79982 19.193 0.083 5.69 745.0
2458918.83130 19.167 0.067 5.10 638.0
2458918.86424 19.180 0.060 4.73 538.0
2458918.89800 19.206 0.059 4.44 515.0
2458919.80343 19.117 0.084 6.34 664.0
2458919.83638 19.123 0.061 5.13 566.0
2458919.86994 19.294 0.065 4.75 503.0
2458919.90311 19.058 0.054 4.59 517.0
2458920.81496 19.269 0.069 4.99 592.0
2458920.85266 19.174 0.055 4.35 533.0
2458920.88574 19.129 0.057 4.58 489.0
2458921.78264 19.077 0.069 5.52 648.0
2458921.81613 19.051 0.054 4.75 558.0
2458921.85130 19.030 0.048 3.96 523.0
2458921.88470 19.216 0.056 4.02 507.0
2458922.81116 19.399 0.089 5.49 622.0
2459795.58990 19.172 0.063 6.29 297.0
2459795.66185 19.019 0.062 6.64 323.0
2459796.70929 19.157 0.057 5.58 326.0
2459796.74245 19.073 0.055 5.48 319.0
2459797.60631 19.081 0.073 5.70 418.0
2459804.60527 19.120 0.067 5.41 517.0
2459805.59471 19.113 0.061 4.84 501.0
2459807.55107 19.209 0.054 4.95 321.0
2459807.58837 18.932 0.050 5.91 313.0
2459807.64250 19.180 0.058 5.30 347.0
2459807.69891 19.180 0.063 5.36 387.0
2459808.49382 19.045 0.073 7.05 333.0
2459808.63005 19.279 0.065 5.53 289.0
2459808.66402 19.222 0.071 5.94 345.0
2459810.48259 19.035 0.052 4.76 353.0
2459810.66503 19.332 0.050 4.34 306.0
2459810.71109 19.178 0.048 4.63 315.0
2459812.62584 19.185 0.059 4.84 299.0
2459813.66992 19.266 0.077 6.37 309.0
2459813.70667 19.102 0.066 5.91 296.0
2459814.48806 19.239 0.077 6.13 382.0
2459814.66488 19.266 0.084 6.65 352.0
2459814.69913 19.052 0.066 6.30 365.0
2459815.48542 19.344 0.072 5.77 380.0
2459815.69107 19.264 0.060 4.87 354.0
2459816.48360 19.349 0.090 6.14 363.0
2459817.48006 19.202 0.084 6.12 537.0
2459817.66427 19.100 0.046 4.53 377.0
2459819.47897 19.185 0.078 4.47 1065.0
2459820.66957 19.090 0.055 5.12 351.0
2459821.65324 19.252 0.070 5.76 357.0
2459822.47984 19.464 0.147 6.58 921.0
2459824.66594 19.313 0.080 6.15 409.0
2459829.62230 18.968 0.096 6.92 828.0
2459831.49984 19.243 0.087 6.02 617.0
2459836.58329 19.103 0.081 7.07 420.0
2459837.62479 19.144 0.058 5.21 444.0
2459838.50367 19.139 0.059 5.56 378.0
2459856.57755 19.169 0.117 6.85 854.0
2459859.49110 19.041 0.077 5.21 1106.0
2459860.49140 19.109 0.134 7.10 1229.0
2459863.49408 19.083 0.104 5.62 1299.0
2459863.52918 18.943 0.062 5.49 624.0
2459864.49679 18.987 0.096 6.27 951.0
2459866.51057 19.164 0.078 5.50 590.0
2459870.52534 19.023 0.070 6.30 460.0
2459875.49744 19.137 0.145 6.68 1558.0
2459988.88659 19.184 0.074 4.40 991.0
2459997.83668 19.385 0.076 5.40 468.0
2460001.84933 19.255 0.052 4.13 442.0
2460029.76626 19.200 0.055 5.55 332.0
2460036.89106 19.218 0.043 4.15 329.0
2460039.77875 19.242 0.074 5.81 499.0
2460041.82001 19.189 0.069 5.44 532.0
2460052.80042 19.333 0.064 5.27 351.0
2460056.72403 19.063 0.067 6.49 383.0
2460058.80225 19.294 0.057 4.73 373.0
2460062.84789 19.187 0.044 4.02 355.0
2460068.66812 19.139 0.073 5.50 664.0
2460069.90794 19.041 0.060 4.22 817.0
2460085.66740 19.448 0.115 7.09 383.0
2460091.64152 19.204 0.081 6.21 528.0
2460093.88897 19.481 0.131 7.26 546.0
2460093.92659 19.403 0.116 6.84 590.0
2460095.92203 19.216 0.075 5.54 512.0
2460097.73549 19.171 0.068 4.87 581.0
2460105.81444 19.124 0.059 5.37 383.0
2460107.80109 19.375 0.103 7.21 348.0
2460111.57774 19.217 0.059 5.04 384.0
2460112.66986 19.095 0.055 5.02 376.0
2460113.81802 19.285 0.073 5.79 393.0
2460118.75706 19.312 0.080 6.14 365.0
2460120.65570 19.214 0.060 5.49 329.0
2460123.82656 19.176 0.066 5.08 557.0
2460125.58377 19.223 0.092 6.06 643.0
2460130.59261 19.268 0.118 7.05 765.0
2460132.50378 19.188 0.079 6.21 535.0
2460134.62494 19.307 0.069 5.69 399.0
2460139.79800 19.224 0.073 5.65 412.0
2460141.74144 19.229 0.061 5.35 349.0
2460143.74228 19.072 0.051 5.14 342.0
2460149.66035 19.177 0.056 5.26 347.0
2460159.69134 19.104 0.072 5.72 563.0
2460161.67371 19.205 0.072 5.71 409.0
2460168.58786 19.258 0.059 4.70 347.0
2460170.58533 19.209 0.051 4.71 283.0
2460172.65015 19.268 0.084 6.74 385.0
2460177.67029 19.154 0.060 5.53 361.0
2460180.53789 19.277 0.077 5.57 470.0
2460191.64683 19.401 0.141 8.08 587.0
2460202.53849 19.245 0.067 5.60 360.0
2460204.62220 19.133 0.069 5.78 436.0
2460212.62705 19.172 0.104 6.54 804.0
2460218.56336 19.185 0.098 6.76 548.0
2460225.58335 19.372 0.109 6.81 537.0
2460243.52543 19.228 0.101 5.98 754.0
2460378.85056 18.904 0.042 4.71 387.0
2460390.89347 18.791 0.037 4.56 415.0
2460395.89194 18.674 0.039 4.57 552.0
2460398.81484 18.662 0.039 4.33 610.0
2460404.75424 18.611 0.040 5.66 395.0
2460406.88209 18.495 0.047 6.75 430.0
2460410.89543 18.375 0.027 4.85 373.0
2460417.81633 18.299 0.027 5.19 409.0
2460420.83133 18.310 0.032 5.81 382.0
2460425.74382 18.177 0.035 5.99 645.0
2460435.77259 17.868 0.023 6.16 356.0
2460437.68880 17.823 0.029 7.58 409.0
2460440.88080 17.748 0.028 7.08 513.0
2460443.92366 17.652 0.032 8.58 502.0
2460449.71355 17.642 0.017 5.17 381.0
2460460.65248 17.793 0.018 5.22 369.0
2460462.90274 17.815 0.021 5.66 466.0
2460464.92511 17.895 0.026 5.73 577.0
2460467.91812 18.109 0.039 6.86 770.0
2460473.63711 18.127 0.028 5.84 413.0
2460477.63647 18.227 0.030 5.39 519.0
2460479.63711 18.372 0.043 6.68 494.0
2460487.69077 18.441 0.037 5.87 399.0
2460490.77024 18.565 0.035 5.04 360.0
2460492.73241 18.540 0.028 4.31 342.0
2460498.78967 18.649 0.036 5.05 369.0
2460502.69588 18.745 0.042 5.41 327.0
2460504.69223 18.728 0.040 5.74 292.0
2460513.74486 18.982 0.085 6.22 822.0
2460521.76398 18.882 0.048 5.62 384.0
2460531.61704 19.134 0.091 7.44 406.0
2460534.68952 18.989 0.048 5.15 361.0
2460544.57339 19.063 0.072 6.53 434.0
2460549.52691 19.019 0.062 6.06 401.0
2460555.61431 19.050 0.053 5.23 337.0
2460558.64483 19.069 0.058 5.95 403.0
2460569.64857 19.233 0.114 6.90 816.0
2460573.62480 19.052 0.076 5.65 736.0
2460582.58057 19.308 0.100 6.67 422.0
2460587.54190 19.220 0.070 5.53 490.0
2460596.53797 19.146 0.091 6.23 771.0
2460597.54938 19.202 0.082 5.69 736.0
2460598.52100 19.189 0.101 6.73 722.0
2460598.55665 19.138 0.088 6.12 807.0
2460599.53598 19.069 0.060 4.58 679.0
2460600.52323 19.151 0.077 5.29 870.0
2460600.55875 19.325 0.107 5.53 1011.0
2460601.53589 19.181 0.088 5.98 830.0
2460610.53095 19.212 0.082 5.63 604.0
2460621.50631 19.172 0.141 6.58 1613.0
2460722.87049 19.261 0.068 4.98 500.0
2460726.84002 19.342 0.085 5.59 572.0
2460735.84003 19.263 0.072 5.69 402.0
2460738.83489 19.184 0.067 5.65 392.0
2460741.82807 19.286 0.077 5.95 392.0
2460743.86911 19.336 0.065 4.91 372.0
2460746.88271 19.286 0.057 4.58 399.0
2460748.90123 19.317 0.088 5.34 687.0
2460751.81718 19.165 0.060 4.46 535.0
2460769.76608 19.286 0.066 5.12 428.0
2460771.80036 19.302 0.080 6.30 361.0
2460773.74942 19.170 0.066 5.53 452.0
